A*
99 87
2020 8 12
0 8 12
1
2020 8 11 0


A*
99 87
2020 8 12
2025 8 12
9
2020 3 3 1234
1234 3 3 2323
2323 2 9 3030
3030 3 3 2222
2222 3 3 9090
9090 3 3 2025
3434 3 3 2020
2025 3 3 1234
3131 3 3 1424

BFS
99 87
2020 8 12
2025 8 12
9
2020 8 11 1234
1234 3 45 2323
2323 2 9 3030
3030 43 43 2222
2222 54 56 9090
9090 42 66 2025
3434 23 13 2020
2025 56 78 1234
3131 43 55 1424

BFS
99 87
2020 8 12
2025 8 12
9
2020 3 3 1234
1234 3 3 2323
2323 2 9 3030
3030 3 3 2222
2222 3 3 9090
9090 3 3 2025
3434 3 3 2020
2025 3 3 1234
3131 3 3 1424