1528
1529
2648 41 0 0
2648 41 1 1
2648 41 2 1
2648 41 3 1
2648 41 4 1
2648 41 5 1
2648 41 6 1
2648 41 7 1
2648 41 8 1
2648 41 9 1
2648 41 10 1
2648 41 11 1
2648 41 12 1
2648 41 13 1
2648 41 14 1
2648 41 15 1
2648 41 16 1
2648 41 17 1
2648 41 18 1
2648 41 19 1
2648 41 20 1
2648 41 21 1
2648 41 22 1
2648 41 23 1
2648 41 24 1
2648 41 25 1
2648 41 26 1
2648 41 27 1
2648 41 28 1
2648 41 29 1
2648 41 30 1
2648 41 31 1
2648 41 32 1
2648 41 33 1
2648 41 34 1
2648 41 35 1
2648 41 36 1
2648 41 37 1
2648 41 38 1
2648 41 39 1
2648 41 40 1
2648 41 41 1
2648 41 42 1
2648 41 43 1
2648 41 44 1
2648 41 45 1
2648 41 46 1
2648 41 47 1
2648 42 48 1
2648 43 49 1
2648 44 50 1
2648 45 51 1
2648 46 52 1
2648 47 53 1
2648 48 54 1
2648 49 55 1
2648 50 56 1
2648 51 57 1
2648 52 58 1
2451 52 58 1
2451 53 59 1
2451 54 60 1
2451 55 61 1
2451 56 62 1
2451 57 63 1
2451 58 64 1
2451 59 65 1
2451 60 66 1
2451 61 67 1
2451 62 68 1
2451 63 69 1
2451 64 70 1
2451 65 71 1
2451 66 72 1
2451 67 73 1
2451 68 74 1
2451 69 75 1
2451 70 76 1
2451 71 77 1
2451 72 78 1
2451 73 79 1
2451 74 80 1
2451 75 81 1
2451 76 82 1
2451 77 83 1
2451 78 84 1
2451 79 85 1
2451 80 86 1
2451 81 87 1
2451 82 88 1
2451 83 88 1
2451 84 87 1
2451 85 86 1
2451 86 85 1
2451 87 84 1
2451 88 83 1
2451 89 82 1
2451 90 81 1
2451 91 80 1
2451 92 79 1
2451 93 78 1
2451 94 77 1
2451 95 76 1
2451 96 75 1
2451 97 74 1
2451 98 73 1
2451 99 72 1
3300 99 72 1
3300 98 71 1
3300 97 70 1
3300 96 69 1
3300 95 68 1
3300 94 67 1
3300 93 66 1
3300 92 65 1
3300 91 64 1
3300 90 63 1
3300 89 62 1
3300 88 61 1
3300 87 60 1
3300 86 59 1
3300 85 58 1
3300 84 57 1
3300 83 56 1
3300 82 55 1
3300 81 54 1
3300 80 53 1
3300 79 52 1
3300 78 51 1
3300 77 50 1
3300 76 49 1
3300 75 48 1
3300 74 47 1
3300 73 46 1
3300 72 45 1
3300 71 44 1
3300 70 43 1
3300 69 42 1
3300 68 41 1
3300 67 40 1
3300 66 39 1
3300 65 38 1
3300 64 39 1
3300 63 40 1
3300 62 41 1
3300 61 42 1
3300 60 43 1
3300 59 44 1
3300 58 45 1
3300 57 46 1
3300 56 47 1
3300 55 48 1
3300 54 49 1
3300 53 50 1
3300 52 51 1
3300 51 52 1
3300 50 53 1
3300 49 54 1
3300 48 55 1
3300 47 56 1
3300 46 57 1
3300 45 58 1
3300 44 59 1
3300 43 60 1
3300 42 61 1
3300 41 62 1
3300 40 63 1
3300 39 64 1
3300 38 65 1
3300 37 66 1
3300 36 67 1
3300 35 68 1
3300 34 69 1
3300 33 70 1
3300 32 71 1
3300 31 72 1
3300 30 73 1
3300 29 74 1
3300 28 75 1
3300 27 76 1
3300 26 77 1
3300 25 78 1
3300 24 79 1
3300 23 80 1
3300 22 81 1
3300 21 82 1
3300 20 83 1
3300 19 84 1
3300 18 85 1
3300 17 86 1
3300 16 87 1
3300 15 88 1
3300 14 89 1
3300 13 90 1
3300 12 91 1
3300 11 92 1
3300 10 93 1
3300 9 94 1
3300 8 95 1
3300 7 96 1
2521 7 96 1
2521 8 97 1
2521 9 98 1
2521 10 99 1
2521 11 99 1
2521 12 99 1
2521 13 99 1
2521 14 99 1
2521 15 99 1
2521 16 99 1
2521 17 99 1
2521 18 99 1
2521 19 98 1
3002 19 98 1
3002 20 99 1
3002 21 99 1
3002 22 99 1
3002 23 99 1
3002 24 99 1
3002 25 99 1
3002 26 99 1
3002 27 99 1
3002 28 99 1
3002 29 99 1
3002 30 99 1
3002 31 99 1
3002 32 99 1
3002 33 99 1
3002 34 99 1
3002 35 99 1
3002 36 99 1
3002 37 99 1
3002 38 99 1
3002 39 99 1
3002 40 99 1
3002 41 99 1
3002 42 99 1
3002 43 99 1
3002 44 99 1
3002 45 99 1
3002 46 99 1
3002 47 99 1
3002 48 99 1
3002 49 99 1
3002 50 99 1
3002 51 99 1
3002 52 99 1
3002 53 99 1
3002 54 99 1
3002 55 99 1
3002 56 99 1
3002 57 99 1
3002 58 99 1
3002 59 99 1
3002 60 99 1
3002 61 99 1
3002 62 99 1
3002 63 99 1
3002 64 99 1
3002 65 99 1
3002 66 99 1
3002 67 99 1
3002 68 99 1
3002 69 99 1
3002 70 99 1
3002 71 99 1
3002 72 99 1
3002 73 99 1
3002 74 99 1
3002 75 99 1
3002 76 99 1
3002 77 99 1
3002 78 98 1
3002 79 97 1
3002 80 96 1
3002 81 95 1
3002 82 94 1
3002 83 93 1
3002 84 92 1
3002 85 91 1
3002 86 90 1
3002 87 89 1
3002 88 88 1
3002 89 87 1
3002 90 86 1
3002 91 85 1
3002 92 84 1
3002 93 83 1
3002 94 82 1
3002 95 81 1
3002 96 80 1
3002 97 79 1
3002 98 78 1
3002 99 77 1
3336 99 77 1
3336 99 76 1
3336 99 75 1
3336 99 74 1
3336 99 73 1
3336 99 72 1
3336 99 71 1
3336 99 70 1
3336 99 69 1
3336 99 68 1
3336 99 67 1
3336 99 66 1
3336 99 65 1
3336 99 64 1
3336 99 63 1
3336 99 62 1
3336 99 61 1
3336 99 60 1
3336 99 59 1
3336 99 58 1
3336 99 57 1
3336 98 56 1
3336 97 55 1
3336 96 54 1
3336 95 53 1
3336 94 52 1
3336 93 51 1
3336 92 50 1
3336 91 49 1
3336 90 48 1
3336 89 47 1
3336 88 46 1
3336 87 45 1
3336 86 44 1
3336 85 43 1
3336 84 42 1
3336 83 41 1
3336 82 40 1
3336 81 39 1
3336 80 38 1
3336 79 37 1
3336 78 36 1
3336 77 35 1
3336 76 34 1
3336 75 33 1
3336 74 32 1
3336 73 31 1
3336 72 30 1
3336 71 29 1
2889 71 29 1
2889 71 30 1
2889 71 31 1
2889 70 32 1
2889 69 33 1
2889 68 34 1
2889 67 35 1
2889 66 36 1
2889 65 37 1
2889 64 38 1
2889 63 39 1
2889 62 40 1
2889 61 41 1
2889 60 42 1
2889 59 43 1
2889 58 44 1
2889 57 45 1
2889 56 46 1
2889 55 47 1
2889 54 48 1
2889 53 49 1
2889 52 50 1
2889 51 51 1
2889 50 52 1
2889 49 53 1
2482 49 53 1
2482 50 52 1
2482 51 51 1
2482 52 50 1
2482 53 49 1
2482 54 48 1
2482 55 47 1
2482 56 46 1
2482 57 45 1
2482 58 44 1
2482 59 43 1
2482 60 42 1
2482 61 41 1
2482 61 40 1
2482 60 39 1
2482 59 38 1
2482 58 37 1
2482 57 36 1
2482 56 35 1
2482 55 34 1
2482 54 33 1
2482 53 32 1
2482 52 31 1
2482 51 30 1
2482 50 29 1
2482 49 28 1
2482 48 27 1
2482 47 26 1
2482 46 25 1
2482 45 24 1
2482 44 23 1
2482 43 22 1
2482 42 21 1
2482 41 20 1
2482 40 19 1
2482 39 18 1
2482 38 17 1
2482 37 16 1
2482 36 15 1
2482 35 14 1
2482 34 13 1
2482 33 12 1
2482 32 11 1
2482 31 10 1
3560 31 10 1
3560 31 11 1
3560 31 12 1
3560 31 13 1
3560 31 14 1
3560 31 15 1
3560 31 16 1
3560 31 17 1
3560 31 18 1
3560 31 19 1
3560 31 20 1
3560 31 21 1
3560 31 22 1
3560 31 23 1
3560 31 24 1
3560 32 25 1
3560 33 26 1
3560 34 27 1
3560 35 28 1
3560 36 29 1
3560 37 30 1
3560 38 31 1
3560 39 32 1
3560 40 33 1
1850 40 33 1
1850 39 32 1
1850 38 31 1
1850 37 30 1
1850 36 29 1
1850 35 28 1
1850 34 27 1
1850 33 26 1
1850 32 25 1
1850 31 24 1
1850 30 23 1
1850 29 24 1
1850 28 25 1
1850 27 26 1
1850 26 27 1
1850 25 28 1
1850 24 29 1
1850 23 30 1
1850 22 31 1
1850 21 32 1
1850 20 33 1
1850 19 34 1
1850 18 35 1
1850 17 36 1
1850 16 37 1
1850 15 38 1
1850 14 39 1
1850 13 40 1
1850 12 41 1
1850 11 42 1
1850 10 43 1
1850 9 44 1
1850 8 45 1
3395 8 45 1
3395 9 46 1
3395 10 47 1
3395 11 48 1
3395 12 49 1
3395 13 50 1
3395 14 51 1
3395 15 52 1
3395 16 53 1
3395 17 54 1
3395 18 55 1
3395 19 56 1
3395 20 57 1
3395 21 58 1
3395 22 59 1
3395 23 60 1
3395 24 61 1
3395 25 62 1
3395 26 63 1
3395 27 64 1
3395 28 65 1
3395 29 65 1
3395 30 64 1
3395 31 63 1
3395 32 62 1
3395 33 61 1
3395 34 60 1
3395 35 59 1
3395 36 58 1
3395 37 57 1
3395 38 56 1
3395 39 55 1
3395 40 54 1
3395 41 53 1
3395 42 52 1
3395 43 51 1
3395 44 50 1
3395 45 49 1
3395 46 48 1
3395 47 47 1
3395 48 46 1
3395 49 45 1
3395 50 44 1
3395 51 43 1
3395 52 42 1
3395 53 41 1
3395 54 40 1
3395 55 39 1
3395 56 38 1
3395 57 37 1
3395 58 36 1
3395 59 35 1
3395 60 34 1
3395 61 33 1
3395 62 32 1
3395 63 31 1
3395 64 30 1
3395 65 29 1
3395 66 28 1
3395 67 27 1
3395 68 26 1
3395 69 25 1
3395 70 24 1
3395 71 23 1
3395 72 22 1
3395 73 21 1
3395 74 20 1
3395 75 19 1
3395 76 18 1
3395 77 17 1
3395 78 16 1
3395 79 15 1
3395 80 14 1
3395 81 13 1
3395 82 12 1
3395 83 11 1
3395 84 10 1
3395 85 9 1
3395 86 8 1
3395 87 7 1
3395 88 6 1
3395 89 5 1
2996 89 5 1
2996 88 4 1
2996 87 3 1
2996 86 2 1
2996 85 1 1
2996 84 0 1
2996 83 0 1
2996 82 0 1
2996 81 0 1
2996 80 0 1
2996 79 0 1
2996 78 0 1
2996 77 0 1
2996 76 0 1
2996 75 0 1
2996 74 0 1
2996 73 0 1
2996 72 0 1
2996 71 0 1
2996 70 0 1
2996 69 0 1
2996 68 0 1
2996 67 0 1
2996 66 0 1
2996 65 0 1
2996 64 0 1
2996 63 0 1
2996 62 0 1
2996 61 0 1
2996 60 0 1
2996 59 0 1
2996 58 0 1
2996 57 0 1
2996 56 0 1
2996 55 0 1
2996 54 0 1
2996 53 0 1
2996 52 0 1
2996 51 0 1
2996 50 1 1
2996 49 2 1
2996 48 3 1
2996 47 4 1
2996 46 5 1
2996 45 6 1
2996 44 7 1
2996 43 8 1
2996 42 9 1
2996 41 10 1
2996 40 11 1
2996 39 12 1
2996 38 13 1
2996 37 14 1
2996 36 15 1
2996 35 16 1
2996 34 17 1
2996 33 18 1
2996 32 19 1
2996 31 20 1
2996 30 21 1
2996 29 22 1
2996 28 23 1
2996 27 24 1
2996 26 25 1
2996 25 26 1
2996 24 27 1
2996 23 28 1
2996 22 29 1
2996 21 30 1
2996 20 31 1
2996 19 32 1
2996 18 33 1
2996 17 34 1
2996 16 35 1
2996 15 36 1
2996 14 37 1
2996 13 38 1
2996 12 39 1
2996 11 40 1
2996 10 41 1
2996 9 42 1
2996 8 43 1
2996 7 44 1
2996 6 45 1
2996 5 46 1
2996 4 47 1
2996 3 48 1
2996 2 49 1
2996 1 50 1
2996 0 51 1
2506 0 51 1
2506 1 52 1
2506 2 53 1
2506 3 54 1
2506 4 55 1
2506 5 56 1
2506 6 57 1
2506 7 58 1
2506 8 59 1
2506 9 60 1
2506 10 61 1
2506 11 62 1
2506 12 63 1
2506 13 64 1
2506 14 65 1
2506 15 66 1
2506 16 67 1
2506 17 68 1
2506 18 69 1
2506 19 70 1
2506 20 71 1
2506 21 72 1
2506 22 73 1
2506 23 74 1
2506 24 75 1
2506 25 76 1
2506 26 77 1
2506 27 78 1
2506 28 79 1
2506 29 80 1
2506 30 81 1
2506 31 82 1
2506 32 83 1
2506 33 84 1
2506 34 85 1
2506 35 86 1
2506 36 87 1
2506 37 88 1
2506 38 89 1
2506 39 90 1
2506 40 91 1
2506 41 92 1
2506 42 93 1
2506 43 94 1
2506 44 95 1
2506 45 96 1
2506 46 97 1
2506 47 98 1
2506 48 99 1
2506 49 99 1
2506 50 99 1
2506 51 99 1
2506 52 99 1
2506 53 99 1
2506 54 99 1
2506 55 99 1
2506 56 99 1
2506 57 99 1
2506 58 99 1
2506 59 99 1
2506 60 99 1
2506 61 99 1
2506 62 99 1
2506 63 99 1
2506 64 99 1
2506 65 99 1
2506 66 99 1
2506 67 99 1
2506 68 99 1
2506 69 99 1
2506 70 99 1
2506 71 99 1
2506 72 99 1
2506 73 99 1
2506 74 99 1
2506 75 99 1
2506 76 99 1
2506 77 99 1
2506 78 98 1
2506 79 97 1
2506 80 96 1
2506 81 95 1
2506 82 94 1
2506 83 93 1
2506 84 92 1
2506 85 91 1
2506 86 90 1
2405 86 90 1
2405 87 89 1
2405 88 88 1
2405 89 87 1
2405 90 86 1
2405 91 85 1
2405 92 84 1
2405 93 83 1
2405 94 82 1
2405 95 81 1
2405 96 80 1
2405 97 79 1
2405 98 78 1
2405 99 77 1
2405 99 76 1
2405 99 75 1
2405 99 74 1
2405 99 73 1
2405 99 72 1
2405 99 71 1
2405 99 70 1
2405 99 69 1
2405 99 68 1
2405 99 67 1
2405 99 66 1
2405 99 65 1
2405 99 64 1
2405 99 63 1
2405 99 62 1
2405 99 61 1
2405 99 60 1
2405 99 59 1
2405 99 58 1
2405 99 57 1
2405 99 56 1
2405 98 55 1
2405 97 54 1
2405 96 53 1
2405 95 52 1
2405 94 51 1
2405 93 50 1
2405 92 49 1
2405 91 48 1
2405 90 47 1
2405 89 46 1
2405 88 45 1
2405 87 44 1
2405 86 43 1
2405 85 42 1
2405 84 41 1
2405 83 40 1
2405 82 39 1
2405 81 38 1
2405 80 37 1
2405 79 36 1
2405 78 35 1
2405 77 34 1
2405 76 33 1
2405 75 32 1
2405 74 31 1
2405 73 30 1
2405 72 29 1
2405 71 28 1
2405 70 27 1
2405 69 26 1
2405 68 25 1
2405 67 24 1
2405 66 23 1
2405 65 22 1
2405 64 21 1
2405 63 20 1
2405 62 19 1
2405 61 18 1
2405 60 17 1
2405 59 16 1
2405 58 15 1
2405 57 14 1
2405 56 13 1
2405 55 12 1
2405 54 11 1
2405 53 10 1
2405 52 9 1
2405 51 8 1
2405 50 7 1
2405 49 6 1
2405 48 5 1
2405 47 4 1
2405 46 3 1
2405 45 2 1
2945 45 2 1
2945 45 3 1
2945 45 4 1
2945 45 5 1
2945 45 6 1
2945 45 7 1
2945 45 8 1
2945 45 9 1
2945 45 10 1
2945 45 11 1
2945 45 12 1
2945 45 13 1
2945 45 14 1
2945 45 15 1
2945 45 16 1
2945 45 17 1
2945 45 18 1
2945 45 19 1
2945 45 20 1
2945 45 21 1
2945 45 22 1
2945 45 23 1
2945 45 24 1
2945 45 25 1
2945 45 26 1
2945 45 27 1
2945 45 28 1
2945 45 29 1
2945 45 30 1
2945 45 31 1
2945 45 32 1
2945 45 33 1
2945 45 34 1
2945 45 35 1
2945 45 36 1
2945 45 37 1
2945 45 38 1
2945 45 39 1
2945 45 40 1
2945 45 41 1
2945 46 42 1
2945 47 43 1
2945 48 44 1
2945 49 45 1
2945 50 46 1
2945 51 47 1
2945 52 48 1
2945 53 49 1
2945 54 50 1
2945 55 51 1
2945 56 52 1
1836 56 52 1
1836 55 51 1
1836 54 50 1
1836 53 49 1
1836 52 48 1
1836 51 47 1
1836 50 46 1
1836 49 45 1
1836 48 44 1
1836 47 43 1
1836 46 42 1
1836 45 41 1
1836 44 40 1
1836 43 39 1
1836 42 38 1
1836 41 37 1
1836 40 36 1
1836 39 35 1
1836 38 34 1
1836 37 35 1
1836 36 36 1
1836 35 37 1
1836 34 38 1
1836 33 39 1
1836 32 40 1
1836 31 41 1
1836 30 42 1
1836 29 43 1
1836 28 44 1
1836 27 45 1
1836 26 46 1
1836 25 47 1
1836 24 48 1
1836 23 49 1
1836 22 50 1
1836 21 51 1
1836 20 52 1
1836 19 53 1
1836 18 54 1
1836 17 55 1
1836 16 56 1
1836 15 57 1
1836 14 58 1
1836 13 59 1
1836 12 60 1
1836 11 61 1
1836 10 62 1
1836 9 63 1
1836 8 64 1
1836 7 65 1
1836 6 66 1
1836 5 67 1
2998 5 67 1
2998 5 68 1
2998 5 69 1
2998 5 70 1
2998 5 71 1
2998 5 72 1
2998 5 73 1
2998 5 74 1
2998 5 75 1
2998 5 76 1
2998 5 77 1
2998 5 78 1
2998 5 79 1
2998 5 80 1
2998 5 81 1
2998 5 82 1
2998 5 83 1
2998 4 84 1
2998 3 85 1
2998 2 86 1
3045 2 86 1
3045 3 85 1
3045 4 84 1
3045 5 83 1
3045 6 82 1
3045 7 81 1
3045 8 80 1
3045 9 79 1
3045 10 78 1
3045 11 77 1
3045 12 76 1
3045 13 75 1
3045 14 74 1
3045 15 73 1
3045 16 72 1
3045 17 71 1
3045 18 70 1
3045 19 69 1
3045 20 68 1
3045 21 67 1
3045 22 66 1
3045 23 65 1
3045 24 64 1
3045 25 63 1
3045 26 62 1
3045 25 61 1
3045 24 60 1
3045 23 59 1
3045 22 58 1
3045 21 57 1
3045 20 56 1
3045 19 55 1
3045 18 54 1
3045 17 53 1
3045 16 52 1
3045 15 51 1
3045 14 50 1
3045 13 49 1
3045 12 48 1
3045 11 47 1
3045 10 46 1
2258 10 46 1
2258 11 47 1
2258 12 48 1
2258 13 49 1
2258 14 50 1
2258 15 51 1
2258 16 52 1
2258 17 53 1
2258 18 54 1
2258 19 55 1
2258 20 56 1
2258 21 57 1
2258 22 58 1
2258 23 59 1
2258 24 60 1
2258 25 61 1
2258 26 62 1
2258 27 63 1
2258 28 64 1
2258 29 65 1
2258 30 66 1
2258 31 67 1
2258 32 68 1
2258 33 69 1
2258 34 70 1
2258 35 71 1
2258 36 72 1
2258 37 73 1
2258 38 74 1
2258 39 75 1
2258 40 76 1
2258 41 77 1
2258 42 78 1
2258 43 79 1
2258 44 80 1
2258 45 81 1
2258 46 82 1
2258 47 83 1
2258 48 84 1
2258 49 85 1
2258 50 86 1
2258 51 87 1
2258 52 88 1
2258 53 89 1
2258 54 90 1
2258 55 91 1
2258 56 92 1
2258 57 93 1
2258 58 94 1
2258 59 95 1
2258 60 96 1
2258 61 97 1
2258 62 98 1
2258 63 99 1
2258 64 99 1
2258 65 99 1
2258 66 99 1
2258 67 99 1
2258 68 98 1
2258 69 97 1
2258 70 96 1
2258 71 95 1
2258 72 94 1
2258 73 93 1
2258 74 92 1
2258 75 91 1
2258 76 90 1
2258 77 89 1
2258 78 88 1
2258 79 87 1
2258 80 86 1
2258 81 85 1
2258 82 84 1
2258 83 83 1
2258 84 82 1
2258 85 81 1
2258 86 80 1
2258 87 79 1
2258 88 78 1
3438 88 78 1
3438 87 77 1
3438 86 76 1
3438 85 75 1
3438 84 74 1
3438 83 73 1
3438 82 72 1
3438 81 71 1
3438 80 70 1
3438 79 69 1
3438 78 68 1
3438 77 67 1
3438 76 66 1
3438 75 65 1
3438 74 64 1
3438 73 63 1
3438 72 62 1
3438 71 61 1
3438 70 60 1
3438 69 59 1
3438 68 58 1
3438 67 57 1
3438 66 56 1
3438 65 55 1
3438 64 54 1
3438 63 53 1
3438 62 52 1
3438 61 51 1
3438 60 50 1
3438 59 49 1
3438 58 48 1
3438 57 47 1
3438 56 46 1
3438 55 45 1
3438 54 44 1
3438 53 43 1
3438 52 42 1
3438 51 41 1
3438 50 40 1
3438 49 39 1
3438 48 38 1
3438 47 37 1
3438 46 36 1
3438 45 35 1
3438 44 36 1
3438 43 37 1
3438 42 38 1
3438 41 39 1
3438 40 40 1
3438 39 41 1
3438 38 42 1
3438 37 43 1
3438 36 44 1
3438 35 45 1
3438 34 46 1
3438 33 47 1
3438 32 48 1
3438 31 49 1
3438 30 50 1
3438 29 51 1
3438 28 52 1
3438 27 53 1
3438 26 54 1
3438 25 55 1
3438 24 56 1
2819 24 56 1
2819 25 57 1
2819 26 58 1
2819 27 59 1
2819 28 60 1
2819 29 61 1
2819 30 62 1
2819 31 63 1
2819 32 64 1
2819 33 65 1
2819 34 66 1
2819 35 67 1
2819 36 68 1
2819 37 69 1
2819 38 70 1
2819 39 71 1
2819 40 72 1
2819 41 73 1
2819 42 74 1
2819 43 75 1
2819 44 76 1
2819 45 77 1
2819 46 78 1
2819 47 79 1
2819 48 80 1
2819 49 81 1
2819 50 82 1
2819 51 83 1
2819 52 84 1
2819 53 85 1
2819 54 86 1
2819 55 87 1
2819 56 88 1
2819 57 89 1
2819 58 90 1
2819 59 91 1
2819 60 92 1
2819 61 93 1
2819 62 94 1
2819 63 95 1
2819 64 96 1
2819 65 97 1
2819 66 98 1
2819 67 99 1
2819 68 99 1
2819 69 99 1
2819 70 99 1
2819 71 99 1
2819 72 99 1
2819 73 99 1
2819 74 99 1
2819 75 99 1
2819 76 99 1
2819 77 99 1
2819 78 99 1
2819 79 99 1
2819 80 99 1
2819 81 99 1
2819 82 99 1
2819 83 99 1
2819 84 99 1
2819 85 99 1
2819 86 99 1
2819 87 98 1
2819 88 97 1
2819 89 96 1
2819 90 95 1
2819 91 94 1
2185 91 94 1
2185 92 93 1
2185 93 92 1
2185 93 91 1
2185 92 90 1
2185 91 89 1
2185 90 88 1
2185 89 87 1
2185 88 86 1
2185 87 85 1
2185 86 84 1
2185 85 83 1
2185 84 82 1
2185 83 81 1
2185 82 80 1
2185 81 79 1
2185 80 78 1
2185 79 77 1
2185 78 76 1
2185 77 75 1
2185 76 74 1
2185 75 73 1
2185 74 72 1
2185 73 71 1
2185 72 70 1
2185 71 69 1
2185 70 68 1
2185 69 67 1
2185 68 66 1
2185 67 65 1
2185 66 64 1
2185 65 63 1
2185 64 62 1
2185 63 61 1
2185 62 60 1
2185 61 59 1
2185 60 58 1
2185 59 57 1
2185 58 56 1
2185 57 55 1
2185 56 54 1
2185 55 53 1
2185 54 52 1
2185 53 51 1
2185 52 50 1
2185 51 49 1
2185 50 48 1
2185 49 47 1
2185 48 46 1
2185 47 45 1
2185 46 44 1
2185 45 43 1
2185 44 42 1
2185 43 41 1
2185 42 40 1
2185 41 39 1
2185 40 38 1
2185 39 37 1
2185 38 36 1
2185 37 35 1
2185 36 34 1
2185 35 33 1
2185 34 32 1
2185 33 31 1
2185 32 30 1
2185 31 29 1
2185 30 28 1
2185 29 27 1
2185 28 26 1
2185 27 25 1
2185 26 24 1
2185 25 23 1
2185 24 22 1
2185 23 21 1
2185 22 20 1
3155 22 20 1
3155 22 21 1
3155 22 22 1
3155 22 23 1
3155 22 24 1
3155 22 25 1
3155 22 26 1
3155 22 27 1
3155 22 28 1
3155 22 29 1
3155 22 30 1
3155 22 31 1
3155 22 32 1
3155 22 33 1
3155 23 34 1
3155 24 35 1
3155 25 36 1
3155 26 37 1
3155 27 38 1
3155 28 39 1
3155 29 40 1
3155 30 41 1
3155 31 42 1
3155 32 43 1
3155 33 44 1
3155 34 45 1
3155 35 46 1
3155 36 47 1
3155 37 48 1
3155 38 49 1
3155 39 50 1
3155 40 51 1
3078 40 51 1
3078 41 50 1
3078 40 49 1
3078 39 48 1
3078 38 47 1
3078 37 46 1
3078 36 45 1
3078 35 44 1
3078 34 43 1
3078 33 42 1
3078 32 41 1
3078 31 40 1
3078 30 39 1
3078 29 38 1
3078 28 37 1
3078 27 36 1
3078 26 35 1
3078 25 34 1
3078 24 33 1
3078 23 32 1
3078 22 31 1
3078 21 30 1
3078 20 29 1
3078 19 28 1
3078 18 27 1
3078 17 26 1
3078 16 25 1
3078 15 24 1
3078 14 23 1
3078 13 22 1
3078 12 21 1
3078 11 20 1
3078 10 19 1
3078 9 18 1
3078 8 17 1
3078 7 16 1
3078 6 15 1
3078 5 14 1
3078 4 13 1
3078 3 12 1
3531 3 12 1
3531 4 13 1
3531 5 14 1
3531 6 15 1
3531 7 16 1
3531 8 17 1
3531 9 18 1
3531 10 19 1
3531 11 20 1
3531 12 21 1
3531 13 22 1
3531 14 21 1
3531 15 20 1
3531 16 19 1
3531 17 18 1
3531 18 17 1
3531 19 16 1
3531 20 15 1
3531 21 14 1
3268 21 14 1
3268 22 13 1
3268 23 12 1
3268 24 11 1
3268 24 10 1
3268 23 9 1
3268 22 8 1
3268 21 7 1
3268 20 6 1
3268 19 5 1
3096 19 5 1
3096 20 6 1
3096 21 7 1
3096 22 8 1
3096 23 9 1
3096 24 10 1
3096 25 11 1
3096 26 12 1
3096 27 13 1
3096 28 14 1
3096 29 15 1
3096 30 16 1
3096 31 17 1
3096 32 18 1
3096 33 19 1
3096 34 20 1
3096 35 21 1
3096 36 22 1
3096 37 23 1
3251 37 23 1
3251 38 24 1
3251 39 25 1
3251 40 26 1
3251 41 27 1
3251 42 28 1
3251 43 29 1
3251 44 30 1
3251 45 31 1
3251 46 32 1
3251 47 33 1
3251 48 34 1
3251 49 35 1
3251 50 36 1
3251 51 37 1
3251 52 38 1
3251 53 39 1
3251 54 40 1
3251 55 41 1
3251 56 42 1
3251 57 43 1
3251 58 43 1
3251 59 42 1
3251 60 41 1
3251 61 40 1
3251 62 39 1
3251 63 38 1
3251 64 37 1
3251 65 36 1
3251 66 35 1
3251 67 34 1
3251 68 33 1
3251 69 32 1
3251 70 31 1
3251 71 30 1
3251 72 29 1
3251 73 28 1
3251 74 27 1
3251 75 26 1
3251 76 25 1
3251 77 24 1
3251 78 23 1
3251 79 22 1
3251 80 21 1
3251 81 20 1
3251 82 19 1
3251 83 18 1
3251 84 17 1
3251 85 16 1
3251 86 15 1
3251 87 14 1
3251 88 13 1
3251 89 12 1
3251 90 11 1
3251 91 10 1
3251 92 9 1
2683 92 9 1
2683 92 10 1
2683 92 11 1
2683 92 12 1
2683 92 13 1
2683 92 14 1
2683 92 15 1
2683 92 16 1
2683 92 17 1
2683 92 18 1
2683 92 19 1
2683 92 20 1
2683 92 21 1
2683 92 22 1
2683 92 23 1
2683 92 24 1
2683 92 25 1
2683 92 26 1
2683 92 27 1
2683 92 28 1
2683 92 29 1
2683 92 30 1
2683 92 31 1
2683 92 32 1
2683 92 33 1
2683 92 34 1
2683 92 35 1
2683 92 36 1
2683 92 37 1
2683 92 38 1
2683 92 39 1
2683 92 40 1
2683 92 41 1
2683 92 42 1
2683 92 43 1
2683 92 44 1
2683 92 45 1
2683 92 46 1
2683 92 47 1
2683 92 48 1
2683 92 49 1
2683 92 50 1
2683 92 51 1
2683 92 52 1
2683 91 53 1
2683 90 54 1
2683 89 55 1
2683 88 56 1
2683 87 57 1
2683 86 58 1
2683 85 59 1
2683 84 60 1
2683 83 61 1
2683 82 62 1
2683 81 63 1
2683 80 64 1
2683 79 65 1
2683 78 66 1
2683 77 67 1
2683 76 68 1
2683 75 69 1
2683 74 70 1
2683 73 71 1
2683 72 72 1
2683 71 73 1
2683 70 74 1
2683 69 75 1
2683 68 76 1
2683 67 77 1
2683 66 78 1
2683 65 79 1
2683 64 80 1
2683 63 81 1
2683 62 82 1
2683 61 83 1
2683 60 84 1
2683 59 85 1
2683 58 86 1
2683 57 87 1
2683 56 88 1
2683 55 89 1
2683 54 90 1
2683 53 91 1
2683 52 92 1
2683 51 93 1