405
406
2254 22 57 0
2254 23 58 1
2254 24 59 1
2254 25 60 1
2254 26 61 1
2254 27 62 1
2254 28 63 1
2254 29 64 1
2254 30 65 1
2254 31 66 1
2254 32 67 1
2254 33 68 1
2254 34 69 1
2254 35 70 1
2254 36 71 1
2254 37 72 1
2254 38 73 1
2254 39 74 1
2254 40 75 1
2254 41 76 1
2254 42 77 1
2254 43 78 1
2254 44 79 1
2254 45 79 1
2254 46 78 1
2254 47 77 1
2254 48 76 1
2254 49 75 1
2254 50 74 1
2254 51 73 1
2254 52 72 1
2254 53 71 1
2254 54 70 1
2254 55 69 1
2254 56 68 1
2254 57 67 1
2254 58 66 1
2254 59 65 1
2254 60 64 1
2254 61 63 1
2254 62 62 1
2254 63 61 1
2254 64 60 1
2254 65 59 1
2254 66 58 1
2254 67 57 1
2254 68 56 1
2254 69 55 1
2254 70 54 1
2254 71 53 1
2254 72 52 1
2254 73 51 1
2254 74 50 1
2254 75 49 1
2254 76 48 1
2254 77 47 1
2254 78 46 1
2254 79 45 1
2254 80 44 1
2254 81 43 1
2254 82 42 1
2254 83 41 1
2254 84 40 1
2254 85 39 1
2254 86 38 1
2348 86 38 1
2348 86 39 1
2348 86 40 1
2348 86 41 1
2348 86 42 1
2348 86 43 1
2348 86 44 1
2348 86 45 1
2348 86 46 1
2348 86 47 1
2348 86 48 1
2348 86 49 1
2348 86 50 1
2348 86 51 1
2348 86 52 1
2348 86 53 1
2348 86 54 1
2348 86 55 1
2348 85 56 1
2348 84 57 1
2348 83 58 1
2348 82 59 1
2348 81 60 1
2348 80 61 1
2348 79 62 1
2348 78 63 1
2348 77 64 1
2348 76 65 1
2348 75 66 1
3552 75 66 1
3552 76 65 1
3552 77 64 1
3552 78 63 1
3552 79 62 1
3552 80 61 1
3552 79 60 1
3552 78 59 1
3552 77 58 1
3552 76 57 1
3552 75 56 1
3552 74 55 1
3552 73 54 1
3552 72 53 1
3552 71 52 1
3552 70 51 1
3552 69 50 1
3552 68 49 1
3552 67 48 1
3552 66 47 1
3552 65 46 1
3552 64 45 1
3552 63 44 1
3552 62 43 1
3552 61 42 1
3552 60 41 1
3552 59 40 1
3552 58 39 1
3552 57 38 1
3552 56 37 1
3552 55 36 1
3552 54 35 1
3552 53 34 1
3552 52 33 1
3552 51 32 1
3552 50 31 1
3552 49 30 1
3552 48 29 1
3552 47 28 1
3552 46 27 1
3552 45 26 1
3552 44 25 1
3552 43 24 1
3552 42 23 1
3552 41 22 1
3552 40 21 1
3552 39 20 1
3552 38 19 1
3552 37 18 1
3552 36 17 1
3552 35 16 1
3552 34 15 1
3552 33 14 1
3552 32 13 1
3552 31 12 1
3552 30 11 1
3552 29 10 1
3552 28 9 1
3552 27 8 1
3552 26 7 1
3514 26 7 1
3514 26 8 1
3514 26 9 1
3514 26 10 1
3514 26 11 1
3514 26 12 1
3514 26 13 1
3514 26 14 1
3514 26 15 1
3514 26 16 1
3514 26 17 1
3514 26 18 1
3514 26 19 1
3514 26 20 1
3514 26 21 1
3514 26 22 1
3514 26 23 1
3514 26 24 1
3514 26 25 1
3514 26 26 1
3514 26 27 1
3514 27 28 1
3514 28 29 1
3514 29 30 1
3514 30 31 1
3514 31 32 1
3514 32 33 1
3514 33 34 1
3514 34 35 1
3514 35 36 1
3514 36 37 1
3514 37 38 1
3514 38 39 1
3514 39 40 1
3514 40 41 1
3514 41 42 1
3514 42 43 1
3514 43 44 1
3514 44 45 1
3514 45 46 1
3514 46 47 1
3514 47 48 1
3514 48 49 1
3514 49 50 1
3514 50 51 1
3514 51 52 1
3514 52 53 1
3514 53 54 1
3514 54 55 1
3514 55 56 1
3514 56 57 1
3514 57 58 1
3514 58 59 1
3514 59 60 1
3514 60 61 1
3514 61 62 1
3514 62 63 1
3514 63 64 1
3514 64 65 1
3514 65 66 1
3514 66 67 1
3514 67 68 1
3514 68 69 1
3514 69 70 1
3514 70 71 1
3514 71 72 1
1884 71 72 1
1884 70 71 1
1884 69 70 1
1884 68 69 1
1884 67 68 1
1884 66 67 1
1884 65 66 1
1884 64 65 1
1884 63 64 1
1884 62 63 1
1884 61 62 1
1884 60 61 1
1884 59 60 1
1884 58 59 1
1884 57 58 1
1884 56 57 1
1884 55 56 1
1884 54 55 1
1884 53 54 1
1884 52 53 1
1884 51 52 1
1884 50 51 1
1884 49 50 1
1884 48 49 1
1884 47 48 1
1884 46 47 1
1884 45 46 1
1884 44 45 1
1884 43 44 1
1884 42 43 1
1884 41 42 1
1884 40 41 1
1884 39 40 1
1884 38 39 1
1884 37 38 1
1884 36 37 1
1884 35 36 1
1884 34 37 1
1884 33 38 1
1884 32 39 1
1884 31 40 1
1884 30 41 1
1884 29 42 1
1884 28 43 1
1884 27 44 1
1884 26 45 1
1884 25 46 1
1884 24 47 1
1884 23 48 1
1884 22 49 1
1884 21 50 1
1884 20 51 1
1884 19 52 1
1884 18 53 1
1884 17 54 1
1884 16 55 1
1884 15 56 1
1884 14 57 1
1884 13 58 1
1884 12 59 1
1884 11 60 1
1884 10 61 1
2018 10 61 1
2018 11 60 1
2018 12 59 1
2018 13 58 1
2018 14 57 1
2018 15 56 1
2018 16 55 1
2018 17 54 1
2018 18 53 1
2018 19 52 1
2018 20 51 1
2018 21 50 1
2018 22 49 1
2018 23 48 1
2018 24 47 1
2018 25 46 1
2018 26 45 1
2018 27 44 1
2018 28 43 1
2018 29 42 1
2018 30 41 1
2018 31 40 1
2018 32 39 1
2018 33 38 1
2018 34 37 1
2018 35 36 1
2018 36 35 1
2018 37 34 1
2018 38 33 1
2018 39 32 1
2018 40 31 1
2018 41 30 1
2018 42 29 1
2018 43 28 1
2018 44 27 1
2018 45 26 1
2018 46 25 1
2018 47 24 1
2018 48 23 1
2018 49 22 1
2018 50 21 1
2018 51 20 1
2018 52 19 1
2018 53 18 1
2018 54 17 1
2018 55 16 1
2018 56 15 1
2018 57 14 1
2018 58 13 1
2018 58 12 1
2018 57 11 1
2018 56 10 1
2018 55 9 1
2077 55 9 1
2077 55 10 1
2077 55 11 1
2077 55 12 1
2077 55 13 1
2077 55 14 1
2077 55 15 1
2077 55 16 1
2077 55 17 1
2077 55 18 1
2077 55 19 1
2077 55 20 1
2077 55 21 1
2077 55 22 1
2077 55 23 1
2077 55 24 1
2077 55 25 1
2077 55 26 1
2077 55 27 1
2077 55 28 1
2077 55 29 1
2077 55 30 1
2077 55 31 1
2077 55 32 1
2077 55 33 1
2077 55 34 1
2077 55 35 1
2077 55 36 1
2077 55 37 1
2077 55 38 1
2077 55 39 1
2077 55 40 1
2077 56 41 1
2077 57 42 1
2077 58 43 1
2077 59 44 1
1919 59 44 1
1919 59 45 1
1919 59 46 1
1919 59 47 1
1919 59 48 1
1919 59 49 1
1919 59 50 1
1919 59 51 1
1919 60 52 1
1919 61 53 1
1919 62 54 1
1919 63 55 1
1919 64 56 1
1919 65 57 1
1919 66 58 1
1919 67 59 1
1919 68 60 1
1919 69 61 1
1919 70 62 1
1919 71 63 1
1919 72 64 1
1919 73 65 1
1919 74 66 1
1919 75 67 1
1919 76 68 1
1919 77 69 1
1919 78 70 1
1919 79 71 1
1919 80 72 1
1919 81 73 1
1919 82 74 1
1919 83 75 1
1919 84 76 1
1919 85 77 1
1919 86 78 1