7422
434
2860 36 8 0
2860 37 9 14
2860 38 10 14
2860 39 11 14
2860 40 12 14
2860 41 13 14
2860 42 14 14
2860 43 15 14
2860 44 16 14
2860 45 17 14
2860 46 17 10
2860 47 17 10
2860 48 17 10
2860 49 17 10
2860 50 17 10
2860 51 17 10
2860 52 17 10
2860 53 17 10
2860 54 17 10
2860 55 17 10
2860 56 17 10
2860 57 17 10
2860 58 17 10
2860 59 17 10
2860 60 17 10
2860 61 17 10
2860 62 17 10
2860 63 17 10
2860 64 17 10
2860 65 17 10
2860 66 17 10
2860 67 17 10
2860 68 17 10
2860 69 17 10
2423 69 17 437
2423 69 18 10
2423 69 19 10
2423 69 20 10
2423 69 21 10
2423 69 22 10
2423 69 23 10
2423 69 24 10
2423 69 25 10
2423 69 26 10
2423 69 27 10
2423 69 28 10
2423 69 29 10
2423 69 30 10
2423 69 31 10
2423 69 32 10
2423 69 33 10
2423 69 34 10
2423 69 35 10
2423 69 36 10
2423 69 37 10
2423 69 38 10
2423 69 39 10
2423 69 40 10
2423 69 41 10
2423 69 42 10
2423 69 43 10
2423 69 44 10
2423 69 45 10
2423 69 46 10
2423 68 47 14
2423 67 48 14
2423 66 49 14
2423 66 50 10
2423 66 51 10
2423 66 52 10
2423 66 53 10
2423 66 54 10
2423 66 55 10
2423 66 56 10
2423 66 57 10
2423 66 58 10
2423 66 59 10
2423 66 60 10
2423 66 61 10
2423 66 62 10
2423 66 63 10
2423 66 64 10
2423 66 65 10
2423 66 66 10
2423 66 67 10
2423 66 68 10
2423 66 69 10
2423 66 70 10
2423 66 71 10
2423 66 72 10
2423 66 73 10
2423 66 74 10
2423 66 75 10
2423 66 76 10
2423 66 77 10
2423 66 78 10
2423 66 79 10
2423 66 80 10
2423 66 81 10
2423 66 82 10
2423 66 83 10
2423 66 84 10
2423 66 85 10
2423 66 86 10
2423 66 87 10
2423 66 88 10
2423 66 89 10
2423 66 90 10
2423 66 91 10
2423 66 92 10
2423 66 93 10
2423 66 94 10
2423 66 95 10
2423 66 96 10
2423 66 97 10
3040 66 97 617
3040 66 96 10
3040 66 95 10
3040 66 94 10
3040 66 93 10
3040 66 92 10
3040 66 91 10
3040 65 90 14
3040 64 89 14
3040 63 88 14
3040 62 87 14
3040 61 86 14
3040 60 85 14
3040 59 84 14
3040 58 83 14
3040 57 82 14
2863 57 82 177
2863 56 82 10
2863 55 82 10
2863 54 82 10
2863 53 82 10
2863 52 82 10
2863 51 82 10
2863 50 82 10
2863 49 82 10
2863 48 82 10
2863 47 82 10
2863 46 82 10
2863 45 82 10
2863 44 82 10
2863 43 82 10
2863 42 81 14
2863 41 80 14
2863 40 79 14
2863 39 78 14
2863 38 77 14
2863 37 76 14
2863 36 75 14
2863 35 74 14
2863 34 73 14
2863 33 72 14
2863 32 71 14
2863 31 70 14
2863 30 69 14
2863 29 68 14
2863 28 67 14
2863 27 66 14
2863 26 65 14
2863 25 64 14
2863 24 63 14
2863 23 62 14
2863 22 61 14
2863 21 60 14
2863 20 59 14
2863 19 58 14
2837 19 58 26
2837 20 58 10
2837 21 58 10
2837 22 58 10
2837 23 58 10
2837 24 58 10
2837 25 58 10
2837 26 58 10
2837 27 58 10
2837 28 58 10
2837 29 58 10
2837 30 58 10
2837 31 58 10
2837 32 58 10
2837 33 58 10
2837 34 58 10
2837 35 58 10
2837 36 58 10
2837 37 59 14
2837 38 60 14
2837 39 61 14
2837 40 62 14
2837 41 63 14
2837 42 64 14
2837 43 65 14
2837 44 66 14
2837 45 67 14
2837 46 68 14
2837 47 68 10
2837 48 68 10
2837 49 68 10
2837 50 68 10
2811 50 68 26
2811 51 68 10
2811 52 68 10
2811 53 68 10
2811 54 68 10
2811 55 68 10
2811 56 68 10
2811 57 68 10
2811 58 68 10
2811 59 68 10
2811 60 68 10
2811 61 67 14
2811 62 66 14
2811 63 66 10
2811 64 66 10
2811 65 66 10
2811 66 66 10
2811 67 66 10
2811 68 66 10
2811 69 66 10
2811 70 66 10
2811 71 66 10
2811 72 66 10
2811 73 66 10
2811 74 66 10
2811 75 66 10
2811 76 66 10
2811 77 66 10
2852 77 66 41
2852 77 65 10
2852 77 64 10
2852 77 63 10
2852 77 62 10
2852 77 61 10
2852 77 60 10
2852 77 59 10
2852 77 58 10
2852 77 57 10
2852 77 56 10
2852 77 55 10
2852 77 54 10
2852 77 53 10
2852 77 52 10
2852 77 51 10
2852 77 50 10
2852 77 49 10
2852 77 48 10
2852 77 47 10
2852 77 46 10
2852 77 45 10
2852 77 44 10
2852 77 43 10
2852 77 42 10
2852 77 41 10
2852 76 40 14
2852 75 39 14
2852 74 38 14
2852 73 37 14
2852 72 36 14
2852 71 35 14
2852 70 34 14
2852 69 33 14
2852 68 32 14
2852 67 31 14
2852 66 30 14
2852 65 29 14
2852 64 28 14
2852 63 27 14
2852 62 26 14
2852 61 25 14
2852 60 24 14
2852 59 23 14
2852 58 22 14
2852 57 21 14
2852 56 20 14
2852 55 19 14
2852 54 18 14
2852 53 17 14
2852 52 16 14
2852 51 15 14
2852 50 14 14
2852 49 13 14
2852 48 12 14
2852 47 11 14
2852 46 10 14
2852 45 9 14
2852 44 8 14
2852 43 7 14
2852 42 6 14
2852 41 5 14
2852 40 4 14
2852 39 3 14
2852 38 2 14
2362 38 2 490
2362 38 3 10
2362 38 4 10
2362 38 5 10
2362 38 6 10
2362 38 7 10
2362 38 8 10
2362 38 9 10
2362 38 10 10
2362 38 11 10
2362 38 12 10
2362 38 13 10
2362 38 14 10
2362 38 15 10
2362 38 16 10
2362 38 17 10
2362 38 18 10
2362 38 19 10
2362 38 20 10
2362 38 21 10
2362 38 22 10
2362 38 23 10
2362 38 24 10
2362 38 25 10
2362 38 26 10
2362 38 27 10
2362 38 28 10
2362 38 29 10
2362 38 30 10
2362 38 31 10
2362 38 32 10
2362 39 33 14
2362 40 34 14
2362 41 35 14
2362 42 36 14
2362 43 37 14
2362 44 38 14
2362 45 39 14
2362 46 40 14
2362 47 41 14
2362 48 42 14
2362 49 43 14
2362 50 44 14
2354 50 44 8
2354 50 45 10
2354 50 46 10
2354 50 47 10
2354 50 48 10
2354 50 49 10
2354 50 50 10
2354 50 51 10
2354 50 52 10
2354 50 53 10
2354 49 54 14
2354 48 55 14
2354 47 56 14
2354 46 57 14
2354 45 58 14
2354 44 59 14
2354 43 60 14
2354 42 61 14
2354 41 62 14
2354 40 63 14
2354 39 64 14
2354 38 65 14
2354 37 66 14
2354 36 67 14
2354 35 68 14
2354 34 69 14
2354 33 70 14
2354 32 71 14
2354 31 72 14
2354 30 73 14
2354 29 74 14
2354 28 75 14
2354 27 76 14
2354 26 77 14
2986 26 77 632
2986 26 76 10
2986 26 75 10
2986 26 74 10
2986 26 73 10
2986 26 72 10
2986 26 71 10
2986 26 70 10
2986 26 69 10
2986 26 68 10
2986 26 67 10
2986 26 66 10
2986 27 65 14
2986 28 64 14
2986 29 63 14
2986 30 62 14
2986 31 61 14
2986 32 60 14
2986 33 59 14
2986 34 58 14
2986 35 57 14
2986 36 56 14
2986 37 55 14
2986 38 54 14
2986 39 53 14
2986 40 52 14
2986 41 51 14
2986 42 50 14
2986 43 49 14
2986 44 48 14
2986 45 47 14
2986 46 46 14
2986 47 45 14
2986 48 44 14
2986 49 43 14
2986 50 42 14
2986 51 41 14
2986 52 40 14
2986 53 39 14
2986 54 38 14
2986 55 37 14
2986 56 36 14
2986 57 35 14
2986 58 34 14
2986 59 33 14
2986 60 32 14
2986 61 31 14
2986 62 30 14
2986 63 29 14
2986 64 28 14
2986 65 27 14
2986 66 26 14
2986 67 25 14
2986 68 24 14
2986 69 23 14
2986 70 22 14
2986 71 21 14
2986 72 20 14
2986 73 19 14
2986 74 18 14
2986 75 17 14
2986 76 16 14