431
432
2571 42 72 0
2571 43 71 1
2571 44 70 1
2571 45 69 1
2571 46 68 1
2571 47 67 1
2571 48 66 1
2571 49 65 1
2571 50 64 1
2571 51 63 1
2571 52 62 1
2571 53 61 1
2571 54 60 1
2571 55 59 1
2571 56 58 1
2571 57 57 1
2571 58 56 1
2571 59 55 1
2571 60 54 1
2571 61 53 1
2571 62 52 1
2571 63 51 1
2571 64 50 1
2571 65 49 1
2571 66 48 1
2571 67 47 1
2571 68 46 1
2571 69 45 1
2571 70 44 1
2571 71 43 1
2571 72 42 1
2571 73 41 1
2571 74 40 1
2571 75 39 1
2571 76 38 1
2571 77 37 1
2571 78 36 1
2571 79 35 1
2571 80 34 1
2571 81 33 1
2571 82 32 1
2571 83 31 1
2571 84 30 1
2571 85 29 1
2571 86 28 1
2571 87 27 1
2571 88 26 1
2571 89 25 1
2571 90 24 1
2571 91 23 1
2571 92 22 1
2571 93 21 1
2571 94 20 1
2571 95 19 1
2571 96 18 1
2571 97 17 1
2571 98 16 1
2571 97 15 1
2571 96 14 1
2571 95 13 1
2571 94 12 1
2571 93 11 1
2571 92 10 1
2571 91 9 1
2571 90 8 1
2571 89 7 1
2045 89 7 1
2045 88 6 1
2045 87 5 1
2045 86 4 1
2045 85 3 1
2045 84 2 1
2045 83 1 1
2045 82 0 1
2045 81 0 1
2045 80 0 1
2045 79 1 1
2045 78 2 1
2045 77 3 1
2045 76 4 1
2045 75 5 1
2045 74 6 1
2045 73 7 1
2045 72 8 1
2045 71 9 1
2045 70 10 1
2045 69 11 1
2045 68 12 1
2045 67 13 1
2045 66 14 1
2045 65 15 1
2045 64 16 1
2045 63 17 1
2045 62 18 1
2045 61 19 1
2045 60 20 1
2045 59 21 1
2045 58 22 1
2045 57 23 1
2045 56 24 1
2045 55 25 1
2045 54 26 1
2045 53 27 1
2045 52 28 1
2045 51 29 1
2045 50 30 1
2045 49 31 1
2045 48 32 1
2045 47 33 1
1891 47 33 1
1891 47 34 1
1891 47 35 1
1891 47 36 1
1891 47 37 1
1891 47 38 1
1891 47 39 1
1891 46 40 1
1891 45 41 1
1891 44 42 1
1891 43 43 1
1891 42 44 1
1891 41 45 1
1891 40 46 1
1891 39 47 1
1891 38 48 1
1891 37 49 1
1891 36 50 1
1891 35 51 1
1891 34 52 1
1891 33 53 1
1891 32 54 1
1891 31 55 1
1891 30 56 1
1891 29 57 1
1891 28 58 1
2116 28 58 1
2116 28 59 1
2116 28 60 1
2116 28 61 1
2116 28 62 1
2116 28 63 1
2116 28 64 1
2116 28 65 1
2116 28 66 1
2116 28 67 1
2116 28 68 1
2116 28 69 1
2116 28 70 1
2116 28 71 1
2116 28 72 1
2116 28 73 1
2116 28 74 1
2116 27 75 1
2116 26 76 1
2116 25 77 1
2116 24 78 1
2116 23 79 1
2116 22 80 1
2116 21 81 1
2116 20 82 1
2116 19 83 1
2116 18 84 1
2116 17 85 1
2116 16 86 1
2116 15 87 1
2116 14 88 1
2116 13 89 1
2116 12 90 1
2116 11 91 1
2116 10 92 1
1804 10 92 1
1804 11 91 1
1804 12 90 1
1804 13 89 1
1804 14 88 1
1804 15 87 1
1804 16 86 1
1804 17 85 1
1804 18 84 1
1804 19 83 1
1804 20 82 1
1804 21 81 1
1804 22 80 1
1804 23 79 1
1804 24 78 1
1804 25 77 1
1804 26 76 1
1804 27 75 1
1804 28 74 1
1804 29 73 1
1804 30 72 1
1804 31 71 1
1804 32 70 1
1804 33 69 1
1804 34 68 1
1804 35 67 1
1804 36 66 1
1804 37 65 1
1804 38 64 1
1804 39 63 1
1804 40 62 1
1804 41 61 1
1804 42 60 1
1804 43 59 1
1804 44 58 1
1804 45 57 1
1804 46 56 1
1804 47 55 1
1804 48 54 1
1804 49 53 1
1804 50 52 1
1804 51 51 1
1804 52 50 1
1804 53 49 1
1804 54 48 1
1804 55 47 1
1804 56 46 1
1804 57 45 1
1804 58 44 1
1804 59 43 1
1804 60 42 1
1804 61 41 1
1804 62 40 1
1804 63 39 1
1804 64 38 1
1804 65 37 1
1804 66 36 1
1804 67 35 1
1804 66 34 1
3129 66 34 1
3129 66 35 1
3129 65 36 1
3129 64 37 1
3129 63 38 1
3129 62 39 1
3129 61 40 1
3129 60 41 1
3129 59 42 1
3129 58 43 1
3129 57 44 1
3129 56 45 1
3129 55 46 1
3129 54 47 1
3129 53 48 1
3129 52 49 1
3129 51 50 1
3129 50 51 1
3129 49 52 1
3129 48 53 1
3129 47 54 1
3129 46 55 1
3129 45 56 1
3129 44 57 1
3129 43 58 1
3129 42 59 1
3129 41 60 1
3129 40 61 1
3129 39 62 1
3129 38 63 1
3129 37 64 1
3129 36 65 1
3129 35 66 1
3129 34 67 1
3129 33 68 1
3129 32 69 1
3129 31 70 1
3129 30 71 1
3129 29 72 1
3129 28 73 1
3129 27 74 1
3129 26 75 1
3129 25 76 1
3129 24 77 1
3129 23 78 1
3129 22 79 1
3129 21 80 1
3129 20 81 1
3129 19 82 1
3129 18 83 1
3129 17 84 1
3129 16 85 1
3129 15 86 1
3129 14 87 1
3129 13 88 1
2726 13 88 1
2726 14 89 1
2726 15 90 1
2726 16 91 1
2726 17 92 1
2726 18 93 1
2726 19 94 1
2726 20 95 1
2726 21 96 1
2726 22 97 1
2726 23 98 1
2726 24 99 1
2726 25 99 1
2726 26 99 1
2726 27 99 1
2726 28 99 1
2726 29 99 1
2726 30 99 1
2726 31 99 1
2726 32 99 1
2726 33 99 1
2726 34 99 1
2726 35 99 1
2726 36 99 1
2726 37 99 1
2726 38 99 1
2726 39 99 1
2726 40 99 1
2726 41 99 1
2726 42 99 1
2726 43 99 1
2726 44 99 1
2726 45 99 1
2726 46 99 1
2726 47 99 1
2726 48 99 1
2726 49 99 1
2726 50 99 1
2726 51 99 1
2726 52 98 1
2726 53 97 1
2726 54 96 1
2726 55 95 1
2726 56 94 1
2726 57 93 1
2726 58 92 1
2726 59 91 1
2726 60 90 1
2726 61 89 1
2726 62 88 1
2726 63 87 1
2726 64 86 1
2726 65 85 1
2726 66 84 1
2726 67 83 1
2726 68 82 1
2726 69 81 1
2726 70 80 1
2726 71 79 1
2726 72 78 1
2726 73 77 1
2726 74 76 1
2726 75 75 1
2726 76 74 1
2726 77 73 1
2726 78 72 1
2726 79 71 1
2726 80 70 1
2726 81 69 1
2726 82 68 1
2726 83 67 1
2726 84 66 1
2726 85 65 1
2726 86 64 1
2726 87 63 1
2726 88 62 1
2726 89 61 1
2726 90 60 1
2726 91 59 1
2726 92 58 1
2726 93 57 1
2726 94 56 1
2726 95 55 1
2726 96 54 1
2562 96 54 1
2562 95 53 1
2562 94 52 1
2562 93 51 1
2562 92 50 1
2562 91 49 1
2562 90 48 1
2562 89 47 1
2562 88 46 1
2562 87 45 1
2562 86 44 1
2562 85 43 1
2562 84 42 1
2562 83 41 1
2562 82 40 1
2562 81 39 1
2562 80 38 1
2562 79 37 1
2562 78 36 1
2562 77 35 1
2562 76 34 1
2562 75 33 1
2562 74 32 1
2562 73 31 1
2562 72 30 1
2562 71 29 1
2562 70 28 1
2562 69 27 1
2562 68 26 1
2562 67 25 1
2562 66 24 1
2562 65 24 1
2562 64 25 1
2562 63 26 1
2562 62 27 1
2562 61 28 1
2562 60 29 1
2562 59 30 1
1830 59 30 1
1830 60 31 1
1830 61 32 1
1830 62 33 1
1830 63 34 1
1830 64 35 1
1830 65 36 1
1830 66 37 1
1830 67 38 1
1830 68 39 1
1830 69 40 1
1830 70 41 1
1830 71 42 1
1830 72 43 1
1830 73 44 1
1830 74 45 1
1830 75 46 1
1830 76 47 1
1830 77 48 1
1830 78 49 1
1830 79 48 1
1830 80 47 1
1830 81 46 1
1830 82 45 1
1830 83 44 1
1830 84 43 1