279
280
3403 66 61 0
3403 65 60 1
3403 64 59 1
3403 63 58 1
3403 62 57 1
3403 61 56 1
3403 60 55 1
3403 59 54 1
3403 58 53 1
3403 57 52 1
3403 56 51 1
3403 55 50 1
3403 54 49 1
3403 53 48 1
3403 52 47 1
3403 51 46 1
3403 50 45 1
3403 49 44 1
3403 48 43 1
3403 47 42 1
3403 46 41 1
3403 45 40 1
3403 44 39 1
3403 43 38 1
3403 42 37 1
3403 41 36 1
3403 40 35 1
3403 39 34 1
3403 38 33 1
3403 37 32 1
3403 36 31 1
3403 35 30 1
3403 34 29 1
3403 33 28 1
3403 32 27 1
3403 31 26 1
3403 30 25 1
3403 29 24 1
3403 28 23 1
3403 27 22 1
3403 26 21 1
3403 25 20 1
3403 24 19 1
3403 23 18 1
3403 22 17 1
3403 21 16 1
3403 20 15 1
3403 19 14 1
3403 18 13 1
3403 17 12 1
3403 16 11 1
3403 15 10 1
3403 14 9 1
3403 13 9 1
3403 12 10 1
3403 11 11 1
3403 10 12 1
3403 9 13 1
3403 8 14 1
3403 7 15 1
3403 6 16 1
3403 5 17 1
3403 4 18 1
3403 3 19 1
3403 2 20 1
3403 1 21 1
3403 0 22 1
2388 0 22 1
2388 1 23 1
2388 2 24 1
2388 3 25 1
2388 4 26 1
2388 5 27 1
2388 6 28 1
2388 7 29 1
2388 8 30 1
2388 9 31 1
2388 10 32 1
2388 11 33 1
2388 12 34 1
2388 13 33 1
2388 14 32 1
2388 15 31 1
2388 16 30 1
2388 17 29 1
2388 18 28 1
2388 19 27 1
2388 20 26 1
2388 21 25 1
2388 22 24 1
2388 23 23 1
2388 24 22 1
2388 25 21 1
2388 26 20 1
2388 27 19 1
2388 28 18 1
2388 29 17 1
2388 30 16 1
2388 31 15 1
2388 32 14 1
2388 33 13 1
2388 34 12 1
2388 35 11 1
2171 35 11 1
2171 36 12 1
2171 37 13 1
2171 38 14 1
2171 39 15 1
2171 40 16 1
2171 41 17 1
2171 42 18 1
2171 43 19 1
2171 44 20 1
2171 45 21 1
2171 46 22 1
2171 47 23 1
2171 48 22 1
2171 49 21 1
2171 50 20 1
2171 51 19 1
2171 52 18 1
2171 53 17 1
2171 54 16 1
2171 55 15 1
2171 56 14 1
2171 57 13 1
2171 58 12 1
2171 59 11 1
2171 60 10 1
2171 61 9 1
2791 61 9 1
2791 61 10 1
2791 61 11 1
2791 61 12 1
2791 61 13 1
2791 61 14 1
2791 61 15 1
2791 61 16 1
2791 61 17 1
2791 61 18 1
2791 61 19 1
2791 61 20 1
2791 61 21 1
2791 61 22 1
2791 61 23 1
2791 61 24 1
2791 61 25 1
2791 61 26 1
2791 61 27 1
2791 61 28 1
2791 61 29 1
2791 61 30 1
2791 61 31 1
2791 61 32 1
2791 61 33 1
2791 61 34 1
2791 61 35 1
2791 61 36 1
2791 61 37 1
2791 61 38 1
2791 61 39 1
2791 61 40 1
2791 61 41 1
2791 61 42 1
2791 61 43 1
2791 61 44 1
2791 61 45 1
2791 61 46 1
2791 61 47 1
2791 61 48 1
2791 61 49 1
2791 61 50 1
2791 61 51 1
2791 61 52 1
2791 61 53 1
2791 61 54 1
2791 61 55 1
2791 61 56 1
2791 61 57 1
2791 61 58 1
2791 61 59 1
2791 61 60 1
2791 61 61 1
2791 61 62 1
2791 61 63 1
2791 61 64 1
2791 61 65 1
2791 61 66 1
2791 61 67 1
2791 61 68 1
2791 61 69 1
2791 61 70 1
2791 62 71 1
2791 63 72 1
2791 64 73 1
2791 65 74 1
2791 66 75 1
2791 67 76 1
2791 68 77 1
2791 69 78 1
2791 70 79 1
2791 71 80 1
2791 72 81 1
3388 72 81 1
3388 71 80 1
3388 70 79 1
3388 69 78 1
3388 68 77 1
3388 67 76 1
3388 66 75 1
3388 65 74 1
3388 64 73 1
3388 63 72 1
3388 62 71 1
3388 61 70 1
3388 60 69 1
3388 59 68 1
3388 58 67 1
3388 57 66 1
3388 56 65 1
3388 55 64 1
3388 54 63 1
3388 53 62 1
3388 52 61 1
3388 51 60 1
3388 50 59 1
3388 49 58 1
3388 48 57 1
3388 47 56 1
3388 46 55 1
3388 45 54 1
3388 44 53 1
3388 43 52 1
3388 42 51 1
3388 41 50 1
3388 40 49 1
3388 39 48 1
3388 38 47 1
3388 37 46 1
3388 36 45 1
3388 35 44 1
3388 34 43 1
3388 33 42 1
3388 32 41 1
3388 31 40 1
3388 30 39 1
3388 29 38 1
3388 28 37 1
3388 27 36 1
3388 26 37 1
3388 25 38 1
3388 24 39 1
3388 23 40 1
3388 22 41 1
3388 21 42 1
3388 20 43 1
3388 19 44 1
3388 18 45 1
3388 17 46 1
3388 16 47 1
3388 15 48 1
3388 14 49 1
3388 13 50 1
3388 12 51 1
2996 12 51 1
2996 13 50 1
2996 14 49 1
2996 15 48 1
2996 16 47 1
2996 17 46 1
2996 18 45 1
2996 18 44 1
2996 17 43 1
2996 16 42 1
2996 15 41 1
2996 14 40 1
2996 13 39 1
2996 12 38 1
2996 11 37 1
2996 10 36 1