398
399
3387 62 87 0
3387 63 86 1
3387 64 85 1
3387 63 84 1
3387 62 83 1
3387 61 82 1
3387 60 81 1
3387 59 80 1
3387 58 79 1
3387 57 78 1
3387 56 77 1
3387 55 76 1
3387 54 75 1
3387 53 74 1
3387 52 73 1
3387 51 72 1
3387 50 71 1
3387 49 70 1
3387 48 69 1
3387 47 68 1
3387 46 67 1
3387 45 66 1
3387 44 65 1
3387 43 64 1
3387 42 63 1
3387 41 62 1
3387 40 61 1
3387 39 60 1
3387 38 59 1
3387 37 58 1
3387 36 57 1
3387 35 56 1
3387 34 55 1
3387 33 54 1
3387 32 53 1
3387 31 52 1
3387 30 51 1
2326 30 51 1
2326 31 52 1
2326 32 53 1
2326 33 54 1
2326 34 55 1
2326 35 56 1
2326 36 57 1
2326 37 58 1
2326 38 59 1
2326 39 60 1
2326 40 61 1
2326 41 62 1
2326 42 63 1
2326 43 63 1
2326 44 62 1
2326 45 61 1
2326 46 60 1
2326 47 59 1
2326 48 58 1
2326 49 57 1
2326 50 56 1
2326 51 55 1
2326 52 54 1
2326 53 53 1
2326 54 52 1
2326 55 51 1
2326 56 50 1
2326 57 49 1
2326 58 48 1
2326 59 47 1
2326 60 46 1
2326 61 45 1
2326 62 44 1
2326 63 43 1
2326 64 42 1
2326 65 41 1
2326 66 40 1
2326 67 39 1
2326 68 38 1
2326 69 37 1
2326 70 36 1
2326 71 35 1
2326 72 34 1
2326 73 33 1
2326 74 32 1
2326 75 31 1
2326 76 30 1
2326 77 29 1
2326 78 28 1
2326 79 27 1
2326 80 26 1
2326 81 25 1
2326 82 24 1
2326 83 23 1
2326 84 22 1
2326 85 21 1
2326 86 20 1
2326 87 19 1
2326 88 18 1
2326 89 17 1
2326 90 16 1
2326 91 15 1
2326 92 14 1
2326 93 13 1
2326 94 12 1
2326 95 11 1
2326 96 10 1
2326 97 9 1
2326 98 8 1
2326 99 7 1
3090 99 7 1
3090 98 6 1
3090 97 5 1
3090 96 4 1
3090 95 3 1
3090 94 2 1
3090 93 1 1
3090 92 0 1
3090 91 0 1
3090 90 0 1
3090 89 0 1
3090 88 0 1
3090 87 0 1
3090 86 0 1
3090 85 0 1
3090 84 0 1
3090 83 0 1
3090 82 0 1
3090 81 0 1
3090 80 0 1
3090 79 0 1
3090 78 0 1
3090 77 0 1
3090 76 0 1
3090 75 0 1
3090 74 0 1
3090 73 0 1
3090 72 0 1
3090 71 0 1
3090 70 0 1
3090 69 0 1
3090 68 0 1
3090 67 0 1
3090 66 0 1
3090 65 0 1
3090 64 0 1
3090 63 0 1
3090 62 0 1
3090 61 0 1
3090 60 0 1
3090 59 0 1
3090 58 0 1
3090 57 0 1
3090 56 0 1
3090 55 0 1
3090 54 0 1
3090 53 0 1
3090 52 0 1
3090 51 0 1
3090 50 0 1
3090 49 0 1
3090 48 0 1
3090 47 0 1
3090 46 0 1
3090 45 0 1
3090 44 0 1
3090 43 0 1
3090 42 0 1
3090 41 0 1
3090 40 0 1
3090 39 0 1
3090 38 0 1
3090 37 0 1
3090 36 0 1
3090 35 0 1
3090 34 0 1
3090 33 0 1
3090 32 0 1
3090 31 0 1
3090 30 0 1
3090 29 0 1
3090 28 0 1
3090 27 0 1
3090 26 0 1
3090 25 0 1
3090 24 0 1
3090 23 0 1
3090 22 0 1
3090 21 0 1
3090 20 0 1
3090 19 0 1
3090 18 0 1
3090 17 0 1
3090 16 0 1
3090 15 0 1
3090 14 0 1
3090 13 0 1
3090 12 0 1
3090 11 1 1
3090 10 2 1
3090 9 3 1
3090 8 4 1
3090 7 5 1
3090 6 6 1
3090 5 7 1
1852 5 7 1
1852 5 8 1
1852 5 9 1
1852 5 10 1
1852 5 11 1
1852 5 12 1
1852 5 13 1
1852 6 14 1
1852 7 15 1
1852 8 16 1
1852 9 17 1
1852 10 18 1
1852 11 19 1
1852 12 20 1
1852 13 21 1
1852 14 22 1
1852 15 23 1
1852 16 24 1
1852 17 25 1
1852 18 26 1
1852 19 27 1
1852 20 28 1
1852 21 29 1
1852 22 30 1
1852 23 31 1
1852 24 32 1
1852 25 33 1
1852 26 34 1
1852 27 35 1
1852 28 36 1
1852 29 37 1
1852 30 38 1
1852 31 39 1
1852 32 40 1
1852 33 41 1
1852 34 42 1
1852 35 43 1
1818 35 43 1
1818 36 44 1
1818 37 45 1
1818 38 46 1
1818 39 47 1
1818 40 48 1
1818 41 49 1
1818 42 50 1
1818 43 51 1
1818 44 52 1
1818 45 53 1
1818 46 54 1
1818 47 55 1
1818 48 56 1
1818 49 57 1
1818 50 58 1
1818 51 59 1
1818 52 60 1
1818 53 61 1
1818 54 62 1
1818 55 63 1
1818 56 64 1
1818 57 65 1
1818 58 66 1
1818 59 67 1
1818 60 68 1
1818 61 69 1
1818 62 70 1
1818 63 71 1
1818 64 72 1
1818 65 72 1
1818 66 71 1
1818 67 70 1
1818 68 69 1
1818 69 68 1
1818 70 67 1
1818 71 66 1
1818 72 65 1
1818 73 64 1
1818 74 63 1
1818 75 62 1
1818 76 61 1
1818 77 60 1
1818 78 59 1
1818 79 58 1
1818 80 57 1
1818 81 56 1
1818 82 55 1
1818 83 54 1
1818 84 53 1
1818 85 52 1
1818 86 51 1
1818 87 50 1
1818 88 49 1
1818 89 48 1
1818 90 47 1
1818 91 46 1
1818 92 45 1
1818 93 44 1
1818 94 43 1
1818 95 42 1
1818 96 41 1
1818 97 40 1
3203 97 40 1
3203 96 39 1
3203 95 38 1
3203 94 37 1
3203 93 36 1
3203 92 35 1
3203 91 34 1
3203 90 33 1
3203 89 32 1
3203 88 31 1
3203 87 30 1
3203 86 29 1
3203 85 28 1
3203 84 27 1
3203 83 26 1
3203 82 27 1
3203 81 28 1
3203 80 29 1
3203 79 30 1
3203 78 31 1
3203 77 32 1
3203 76 33 1
3203 75 34 1
3203 74 35 1
3203 73 36 1
2843 73 36 1
2843 74 37 1
2843 75 36 1
2843 76 35 1
2843 77 34 1
2843 78 33 1
2843 79 32 1
2843 80 31 1
2843 81 30 1
2843 82 29 1
2843 83 28 1
2843 84 27 1
2843 85 26 1
2843 86 25 1
2843 87 24 1
2843 88 23 1
2843 89 22 1
1980 89 22 1
1980 88 21 1
1980 87 20 1
1980 86 19 1
1980 85 18 1
1980 84 17 1
1980 83 16 1
1980 82 15 1
1980 81 14 1
1980 80 13 1
1980 79 14 1
1980 78 15 1
1980 77 16 1
1980 76 17 1
1980 75 18 1
1980 74 19 1
1980 73 20 1
1980 72 21 1
1980 71 22 1
1980 70 23 1
1980 69 24 1
1980 68 25 1
1980 67 26 1
1980 66 27 1
1980 65 28 1
1980 64 29 1
1980 63 30 1
1980 62 31 1
1980 61 32 1
1980 60 33 1
1980 59 34 1
1980 58 35 1
1980 57 36 1
1980 56 37 1
1980 55 38 1
1980 54 39 1
1980 53 40 1
1980 52 41 1
1980 51 42 1
1980 50 43 1
1980 49 44 1
1980 48 45 1
1980 47 46 1
1980 46 47 1
1980 45 48 1
1980 44 49 1
1980 43 50 1
1980 42 51 1
1980 41 52 1
1980 40 53 1
1980 39 54 1
1980 38 55 1
1980 37 56 1
1980 36 57 1
1980 35 58 1