375
376
3249 97 94 0
3249 98 93 1
3249 99 92 1
3249 99 91 1
3249 99 90 1
3249 99 89 1
3249 99 88 1
3249 99 87 1
3249 99 86 1
3249 99 85 1
3249 99 84 1
3249 99 83 1
3249 99 82 1
3249 99 81 1
3249 99 80 1
3249 99 79 1
3249 99 78 1
3249 99 77 1
3249 99 76 1
3249 99 75 1
3249 99 74 1
3249 99 73 1
3249 99 72 1
3249 99 71 1
3249 99 70 1
3249 99 69 1
3249 99 68 1
3249 99 67 1
3249 99 66 1
3249 99 65 1
3249 99 64 1
3249 99 63 1
3249 99 62 1
3249 99 61 1
3249 99 60 1
3249 99 59 1
3249 99 58 1
3249 99 57 1
3249 99 56 1
3249 99 55 1
3249 99 54 1
3249 99 53 1
3249 99 52 1
3249 99 51 1
3249 98 50 1
3249 97 49 1
3249 96 48 1
3249 95 47 1
3249 94 46 1
3249 93 45 1
3249 92 44 1
3249 91 43 1
3249 90 42 1
3249 89 41 1
3249 88 40 1
3249 87 39 1
3249 86 38 1
3249 85 37 1
3249 84 36 1
3249 83 35 1
3249 82 34 1
3249 81 33 1
2892 81 33 1
2892 81 34 1
2892 81 35 1
2892 81 36 1
2892 81 37 1
2892 81 38 1
2892 81 39 1
2892 81 40 1
2892 81 41 1
2892 81 42 1
2892 81 43 1
2892 81 44 1
2892 81 45 1
2892 81 46 1
2892 81 47 1
2892 81 48 1
2892 81 49 1
2892 81 50 1
2892 81 51 1
2892 81 52 1
2892 81 53 1
2892 81 54 1
2892 81 55 1
2892 81 56 1
2892 81 57 1
2892 81 58 1
2892 81 59 1
2892 81 60 1
2892 81 61 1
2892 81 62 1
2892 81 63 1
2892 82 64 1
2892 83 65 1
2892 84 66 1
2892 85 67 1
2892 86 68 1
2892 87 69 1
2892 88 70 1
2892 89 71 1
2892 90 72 1
2300 90 72 1
2300 91 71 1
2300 92 70 1
2300 93 69 1
2300 94 68 1
2300 95 67 1
2300 96 66 1
2300 97 65 1
2300 98 64 1
2300 99 63 1
2300 99 62 1
2300 99 61 1
2300 99 60 1
2300 99 59 1
2300 99 58 1
2300 99 57 1
2300 99 56 1
2300 99 55 1
2300 99 54 1
2300 99 53 1
2300 99 52 1
2300 99 51 1
2300 99 50 1
2300 99 49 1
2300 98 48 1
2300 97 47 1
2300 96 46 1
2300 95 45 1
2300 94 44 1
2300 93 43 1
2300 92 42 1
2300 91 41 1
2300 90 40 1
2300 89 39 1
2300 88 38 1
2300 87 37 1
2300 86 36 1
2300 85 35 1
2300 84 34 1
2300 83 33 1
2300 82 32 1
2300 81 31 1
2300 80 30 1
2300 79 29 1
2300 78 28 1
3142 78 28 1
3142 77 27 1
3142 76 26 1
3142 75 25 1
3142 74 24 1
3142 73 23 1
3142 72 22 1
3142 71 21 1
3142 70 20 1
3142 69 19 1
3142 68 18 1
3142 67 17 1
3142 66 16 1
3142 65 15 1
3142 64 14 1
3142 63 13 1
3142 62 14 1
3142 61 15 1
3142 60 16 1
3142 59 17 1
3142 58 18 1
3142 57 19 1
3142 56 20 1
3142 55 21 1
3142 54 22 1
3142 53 23 1
3142 52 24 1
3142 51 25 1
3142 50 26 1
3142 49 27 1
3142 48 28 1
3142 47 29 1
3142 46 30 1
3142 45 31 1
3142 44 32 1
3142 43 33 1
3142 42 34 1
3142 41 35 1
3142 40 36 1
3142 39 37 1
3142 38 38 1
3142 37 39 1
3142 36 40 1
3142 35 41 1
3142 34 42 1
3142 33 43 1
3142 32 44 1
3142 31 45 1
3142 30 46 1
3142 29 47 1
3142 28 48 1
3142 27 49 1
3142 26 50 1
3142 25 51 1
3142 24 52 1
3142 23 53 1
3142 22 54 1
3142 21 55 1
3142 20 56 1
3142 19 57 1
3142 18 58 1
3142 17 59 1
3142 16 60 1
3142 15 61 1
3142 14 62 1
3142 13 63 1
3142 12 64 1
3142 11 65 1
3142 10 66 1
3142 9 67 1
3142 8 68 1
3142 7 69 1
3142 6 70 1
3142 5 71 1
3142 4 72 1
3142 3 73 1
3142 2 74 1
3142 1 75 1
3142 0 76 1
2724 0 76 1
2724 1 77 1
2724 2 78 1
2724 3 79 1
2724 4 80 1
2724 5 81 1
2724 6 82 1
2724 7 83 1
2724 8 84 1
2724 9 85 1
2724 10 86 1
2724 11 87 1
2724 12 88 1
2724 13 89 1
2724 14 90 1
2724 15 91 1
2724 16 92 1
2724 17 93 1
2724 18 94 1
2724 19 95 1
2724 20 96 1
2724 21 97 1
2724 22 98 1
2724 23 99 1
2724 24 98 1
2724 25 97 1
2724 26 96 1
2724 27 95 1
2724 28 94 1
2724 29 93 1
2724 30 92 1
2724 31 91 1
2724 32 90 1
2724 33 89 1
2724 34 88 1
2724 35 87 1
2724 36 86 1
3361 36 86 1
3361 35 85 1
3361 34 84 1
3361 33 83 1
3361 32 82 1
3361 31 81 1
3361 30 80 1
3361 29 79 1
3361 28 78 1
3361 27 77 1
3361 26 77 1
3361 25 78 1
3361 24 79 1
3361 23 80 1
3361 22 81 1
3361 21 82 1
3361 20 83 1
3022 20 83 1
3022 21 84 1
3022 22 85 1
3022 23 86 1
3022 24 87 1
3022 25 88 1
3022 26 89 1
3022 27 90 1
3022 28 90 1
3022 29 89 1
3022 30 88 1
3022 31 87 1
3022 32 86 1
3022 33 85 1
3022 34 84 1
3022 35 83 1
3022 36 82 1
3022 37 81 1
3022 38 80 1
3022 39 79 1
3022 40 78 1
3022 41 77 1
3022 42 76 1
3022 43 75 1
3022 44 74 1
3022 45 73 1
3022 46 72 1
3022 47 71 1
3022 48 70 1
3022 49 69 1
3022 50 68 1
3022 51 67 1
3022 52 66 1
3022 53 65 1
3022 54 64 1
3022 55 63 1
3022 56 62 1
3022 57 61 1
3022 58 60 1
3022 59 59 1
3022 60 58 1
3022 61 57 1
3022 62 56 1
3022 63 55 1
3022 64 54 1
3022 65 53 1
3022 66 52 1
3022 67 51 1
2593 67 51 1
2593 66 50 1
2593 65 49 1
2593 64 48 1
2593 63 47 1
2593 62 46 1
2593 61 45 1
2593 60 44 1
2593 59 43 1
2593 58 42 1
2593 57 41 1
2593 56 42 1
2593 55 43 1
2593 54 44 1
2593 53 45 1
2593 52 46 1
2593 51 47 1
2593 50 48 1
2593 49 49 1
2593 48 50 1
2593 47 51 1
2593 46 52 1
2593 45 53 1
2593 44 54 1
2593 43 55 1
2593 42 56 1
2593 41 57 1
2593 40 58 1
2593 39 59 1
2593 38 60 1
2593 37 61 1
2593 36 62 1
2593 35 63 1
2593 34 64 1
2593 33 65 1
2593 32 66 1
2593 31 67 1
2593 30 68 1
2593 29 69 1
2593 28 70 1
2593 27 71 1
2593 26 72 1
2593 25 73 1
2593 24 74 1
2593 23 75 1
2593 22 76 1
2593 21 77 1
2593 20 78 1