7550
471
2502 94 37 0
2502 93 38 14
2502 92 39 14
2502 91 40 14
2502 90 41 14
2502 89 41 10
2502 88 41 10
2502 87 41 10
2502 86 41 10
2502 85 41 10
2502 84 41 10
2502 83 41 10
2502 82 41 10
2502 81 41 10
2502 80 41 10
2502 79 41 10
2502 78 41 10
2502 77 41 10
2502 76 41 10
2502 75 41 10
2502 74 41 10
2502 73 41 10
2502 72 41 10
2502 71 41 10
2502 70 41 10
2502 69 41 10
2502 68 41 10
2502 67 41 10
2502 66 41 10
2502 65 41 10
2502 64 41 10
2502 63 41 10
2502 62 41 10
2502 61 41 10
2502 60 41 10
2502 59 41 10
2502 58 41 10
2502 57 41 10
2502 56 41 10
2502 55 41 10
2502 54 41 10
2502 53 41 10
2502 52 41 10
2502 51 41 10
2502 50 41 10
2502 49 41 10
2502 48 42 14
2502 47 43 14
2502 46 44 14
2502 45 45 14
2502 44 46 14
2502 43 47 14
2178 43 47 324
2178 43 48 10
2178 43 49 10
2178 42 50 14
2178 41 51 14
2178 40 52 14
2178 39 53 14
2178 38 54 14
2178 37 55 14
2178 36 56 14
2178 35 57 14
2178 34 58 14
2178 33 59 14
2178 32 60 14
2178 31 61 14
2178 30 62 14
2178 29 63 14
2178 28 64 14
2178 27 65 14
2178 26 66 14
2300 26 66 122
2300 27 65 14
2300 28 64 14
2300 29 63 14
2300 30 62 14
2300 31 61 14
2300 32 60 14
2300 33 59 14
2300 34 58 14
2300 35 57 14
2300 36 56 14
2300 37 55 14
2300 38 54 14
2300 39 53 14
2300 40 52 14
2300 41 51 14
2300 42 50 14
2300 43 49 14
2300 44 48 14
2300 45 47 14
2300 46 46 14
2300 47 45 14
2300 47 44 10
2300 47 43 10
2300 47 42 10
2300 47 41 10
2300 47 40 10
2300 47 39 10
2300 47 38 10
2300 47 37 10
2300 47 36 10
2300 47 35 10
2300 47 34 10
2300 47 33 10
2300 47 32 10
2300 47 31 10
2300 47 30 10
2300 47 29 10
2300 47 28 10
2300 47 27 10
2300 47 26 10
2300 47 25 10
2300 47 24 10
2300 47 23 10
2300 47 22 10
2300 47 21 10
2300 47 20 10
2300 47 19 10
2300 47 18 10
2300 47 17 10
2300 47 16 10
2300 47 15 10
2300 47 14 10
2300 47 13 10
2300 47 12 10
2300 47 11 10
2300 47 10 10
2300 47 9 10
2300 47 8 10
2300 47 7 10
2300 47 6 10
2300 47 5 10
2300 47 4 10
2300 47 3 10
2300 47 2 10
2300 47 1 10
3196 47 1 896
3196 47 2 10
3196 47 3 10
3196 47 4 10
3196 47 5 10
3196 47 6 10
3196 47 7 10
3196 47 8 10
3196 47 9 10
3196 46 10 14
3196 45 11 14
3196 44 12 14
3196 43 13 14
3196 42 14 14
3196 41 15 14
3196 40 16 14
3196 39 17 14
3196 38 18 14
3196 37 19 14
3196 36 20 14
3196 36 21 10
3196 36 22 10
3196 36 23 10
3196 36 24 10
3196 36 25 10
3196 36 26 10
3196 36 27 10
3196 36 28 10
3196 36 29 10
3196 36 30 10
3196 36 31 10
3196 36 32 10
3196 36 33 10
3196 36 34 10
3196 36 35 10
3196 36 36 10
3196 36 37 10
3196 36 38 10
3196 36 39 10
3196 36 40 10
3196 36 41 10
3196 36 42 10
3196 36 43 10
3196 36 44 10
3196 36 45 10
3196 36 46 10
3196 36 47 10
3196 36 48 10
3196 36 49 10
3196 36 50 10
3196 36 51 10
3196 36 52 10
3196 36 53 10
3196 36 54 10
3196 36 55 10
3196 36 56 10
3196 36 57 10
3196 36 58 10
3196 36 59 10
3196 36 60 10
3196 36 61 10
3196 36 62 10
3196 36 63 10
3196 36 64 10
3196 36 65 10
3196 36 66 10
3196 36 67 10
3196 36 68 10
3196 36 69 10
3196 36 70 10
3196 36 71 10
3196 36 72 10
3196 36 73 10
3196 36 74 10
3196 36 75 10
3196 36 76 10
3196 36 77 10
3196 36 78 10
3196 36 79 10
3196 36 80 10
3196 36 81 10
3196 36 82 10
3196 36 83 10
3196 36 84 10
3196 36 85 10
3196 36 86 10
3196 36 87 10
3196 36 88 10
3196 36 89 10
3196 36 90 10
3196 36 91 10
3196 36 92 10
3196 36 93 10
3196 36 94 10
3196 36 95 10
3196 36 96 10
3196 36 97 10
3196 36 98 10
3196 36 99 10
3277 36 99 81
3277 36 98 10
3277 36 97 10
3277 36 96 10
3277 36 95 10
3277 36 94 10
3277 36 93 10
3277 36 92 10
3277 36 91 10
3277 36 90 10
3277 36 89 10
3277 36 88 10
3277 36 87 10
3277 36 86 10
3277 36 85 10
3277 36 84 10
3277 36 83 10
3277 36 82 10
3277 36 81 10
3277 36 80 10
3277 36 79 10
3277 36 78 10
3277 36 77 10
3277 36 76 10
3277 36 75 10
3277 36 74 10
3277 36 73 10
3277 36 72 10
3277 36 71 10
3277 36 70 10
3277 36 69 10
3277 36 68 10
3277 36 67 10
3277 36 66 10
3277 36 65 10
3277 36 64 10
3277 36 63 10
3277 36 62 10
3277 36 61 10
3277 36 60 10
3277 36 59 10
3277 36 58 10
3277 36 57 10
3277 36 56 10
3277 36 55 10
3277 36 54 10
3277 36 53 10
3277 36 52 10
3277 36 51 10
3277 36 50 10
3277 36 49 10
3277 36 48 10
3277 36 47 10
3277 36 46 10
3277 36 45 10
3277 36 44 10
3277 36 43 10
3277 36 42 10
3277 36 41 10
3277 36 40 10
3277 36 39 10
3277 36 38 10
3277 36 37 10
3277 36 36 10
3277 36 35 10
3277 36 34 10
3277 36 33 10
3277 36 32 10
3277 36 31 10
3277 36 30 10
3277 36 29 10
3277 36 28 10
3277 36 27 10
3277 36 26 10
3277 36 25 10
3277 36 24 10
3277 36 23 10
3277 36 22 10
3277 36 21 10
3277 36 20 10
3277 37 19 14
3277 38 18 14
3277 39 17 14
3277 40 16 14
3277 41 15 14
3277 42 14 14
3277 43 13 14
3277 44 12 14
3277 45 11 14
3277 46 10 14
3277 47 9 14
3277 48 8 14
3277 49 7 14
3277 50 6 14
2879 50 6 398
2879 50 7 10
2879 50 8 10
2879 50 9 10
2879 50 10 10
2879 50 11 10
2879 50 12 10
2879 50 13 10
2879 50 14 10
2879 50 15 10
2879 50 16 10
2879 50 17 10
2879 50 18 10
2879 50 19 10
2879 50 20 10
2879 50 21 10
2879 50 22 10
2879 50 23 10
2879 50 24 10
2879 50 25 10
2879 50 26 10
2879 50 27 10
2879 50 28 10
2879 50 29 10
2879 50 30 10
2879 50 31 10
2879 50 32 10
2879 50 33 10
2879 50 34 10
2879 50 35 10
2879 50 36 10
2879 50 37 10
2879 50 38 10
2879 50 39 10
2879 50 40 10
2879 50 41 10
2879 50 42 10
2879 50 43 10
2879 50 44 10
2879 50 45 10
2879 50 46 10
2879 50 47 10
2879 50 48 10
2879 50 49 10
2879 50 50 10
2879 50 51 10
2879 50 52 10
2879 50 53 10
2879 50 54 10
2879 50 55 10
2879 50 56 10
2879 49 57 14
2879 48 58 14
2879 47 59 14
2879 46 60 14
2879 45 61 14
2879 44 62 14
2879 43 63 14
2879 42 64 14
2879 41 65 14
3165 41 65 286
3165 42 65 10
3165 43 65 10
3165 44 65 10
3165 45 65 10
3165 46 65 10
3165 47 65 10
3165 48 65 10
3165 49 65 10
3165 50 66 14
3165 51 67 14
3165 52 68 14
3165 53 69 14
3165 54 70 14
3165 55 71 14
3165 56 71 10
2708 56 71 457
2708 56 70 10
2708 56 69 10
2708 56 68 10
2708 56 67 10
2708 56 66 10
2708 56 65 10
2708 56 64 10
2708 56 63 10
2708 56 62 10
2708 56 61 10
2708 56 60 10
2708 56 59 10
2708 56 58 10
2708 56 57 10
2708 56 56 10
2708 56 55 10
2708 56 54 10
2708 56 53 10
2708 56 52 10
2708 56 51 10
2708 56 50 10
2708 56 49 10
2708 56 48 10
2708 56 47 10
2708 56 46 10
2708 56 45 10
2708 56 44 10
2708 56 43 10
2708 56 42 10
2708 56 41 10
2708 56 40 10
2708 56 39 10
2708 56 38 10
2708 56 37 10
2708 56 36 10
2708 56 35 10
2708 56 34 10
2708 56 33 10
2708 56 32 10
2708 56 31 10
2708 56 30 10
2708 56 29 10
2708 56 28 10
2708 56 27 10
2708 56 26 10
2708 56 25 10
2708 56 24 10
2708 56 23 10
2708 56 22 10
2708 56 21 10
2708 56 20 10
2708 56 19 10
2708 56 18 10
2708 56 17 10
2708 56 16 10
2708 56 15 10
2708 56 14 10
2708 56 13 10
2708 56 12 10
2708 56 11 10
2708 56 10 10
2708 56 9 10
2708 57 8 14