1010
1011
3011 57 50 0
3011 57 51 1
3011 57 52 1
3011 57 53 1
3011 57 54 1
3011 57 55 1
3011 57 56 1
3011 57 57 1
3011 57 58 1
3011 57 59 1
3011 57 60 1
3011 57 61 1
3011 57 62 1
3011 57 63 1
3011 57 64 1
3011 57 65 1
3011 57 66 1
3011 57 67 1
3011 57 68 1
3011 57 69 1
3011 57 70 1
3011 57 71 1
3011 57 72 1
3011 57 73 1
3011 57 74 1
3011 57 75 1
3011 57 76 1
3011 57 77 1
3011 57 78 1
3011 58 79 1
3011 59 80 1
3011 60 81 1
3011 61 82 1
3011 62 83 1
3011 63 84 1
3011 64 85 1
3011 65 86 1
3011 66 87 1
3011 67 88 1
3011 68 89 1
3011 69 90 1
3011 70 91 1
3011 71 92 1
3011 72 93 1
3011 73 94 1
3419 73 94 1
3419 74 93 1
3419 75 92 1
3419 76 91 1
3419 77 90 1
3419 78 89 1
3419 79 88 1
3419 80 87 1
3419 81 86 1
3419 82 85 1
3419 83 84 1
3419 84 83 1
3419 85 82 1
3419 86 81 1
3419 87 80 1
3419 88 79 1
3419 88 78 1
3419 87 77 1
3419 86 76 1
3419 85 75 1
3419 84 74 1
3419 83 73 1
3419 82 72 1
2464 82 72 1
2464 83 71 1
2464 84 70 1
2464 85 69 1
2464 86 68 1
2464 87 67 1
2464 88 66 1
2464 89 65 1
2464 90 64 1
2464 91 63 1
2464 92 62 1
2464 93 61 1
2464 94 60 1
2464 95 59 1
2464 96 58 1
2464 97 57 1
2464 98 56 1
2464 99 55 1
2464 99 54 1
2464 99 53 1
2464 99 52 1
2464 99 51 1
2464 99 50 1
2464 99 49 1
2464 99 48 1
2464 99 47 1
2464 99 46 1
2464 99 45 1
2464 99 44 1
2464 99 43 1
2464 98 42 1
2464 97 41 1
2464 96 40 1
2464 95 39 1
2464 94 38 1
2464 93 37 1
2464 92 36 1
2464 91 35 1
2464 90 34 1
2464 89 33 1
2464 88 32 1
2464 87 31 1
2464 86 30 1
2464 85 29 1
2464 84 28 1
2464 83 27 1
2637 83 27 1
2637 82 26 1
2637 81 25 1
2637 80 24 1
2637 79 23 1
2637 78 22 1
2637 77 21 1
2637 76 20 1
2637 75 19 1
2637 74 18 1
2637 73 17 1
2637 72 16 1
2637 71 15 1
2637 70 14 1
2637 69 13 1
2637 68 12 1
2637 67 11 1
2637 66 10 1
2637 65 9 1
2637 64 8 1
2637 63 7 1
2637 62 6 1
2637 61 7 1
2637 60 8 1
2637 59 9 1
2637 58 10 1
2637 57 11 1
2637 56 12 1
2637 55 13 1
2637 54 14 1
2637 53 15 1
2637 52 16 1
2637 51 17 1
2637 50 18 1
2637 49 19 1
2637 48 20 1
2637 47 21 1
2637 46 22 1
2637 45 23 1
2637 44 24 1
2637 43 25 1
2637 42 26 1
2637 41 27 1
2637 40 28 1
2637 39 29 1
2637 38 30 1
2637 37 31 1
2637 36 32 1
2637 35 33 1
2637 34 34 1
2637 33 35 1
2637 32 36 1
2637 31 37 1
2637 30 38 1
2637 29 39 1
2637 28 40 1
2637 27 41 1
2637 26 42 1
2637 25 43 1
2637 24 44 1
2637 23 45 1
2637 22 46 1
2637 21 47 1
2637 20 48 1
2637 19 49 1
2637 18 50 1
2637 17 51 1
2637 16 52 1
2637 15 53 1
2363 15 53 1
2363 16 54 1
2363 17 55 1
2363 18 56 1
2363 19 57 1
2363 20 58 1
2363 21 59 1
2363 22 60 1
2363 23 61 1
2363 24 62 1
2363 25 63 1
2363 26 64 1
2363 27 65 1
2363 28 66 1
2363 29 67 1
2363 30 68 1
2363 31 69 1
2363 32 70 1
2363 33 71 1
2363 34 72 1
2363 35 73 1
2363 36 74 1
2363 37 75 1
2363 38 76 1
2363 39 77 1
2363 40 78 1
2363 41 79 1
2363 42 80 1
2363 43 81 1
2363 44 82 1
2363 45 83 1
2363 46 84 1
2363 47 85 1
2363 48 86 1
2363 49 87 1
2363 50 88 1
2363 51 89 1
2363 52 90 1
2363 53 91 1
2363 54 92 1
2363 55 93 1
2363 56 94 1
2363 57 95 1
2363 58 96 1
2363 59 97 1
2363 60 98 1
2363 61 99 1
2363 62 99 1
2363 63 99 1
2363 64 99 1
2363 65 99 1
2363 66 99 1
2363 67 99 1
2363 68 99 1
2363 69 99 1
2363 70 99 1
2363 71 99 1
2363 72 99 1
2363 73 99 1
2363 74 99 1
2363 75 99 1
2363 76 99 1
2363 77 99 1
2363 78 99 1
2363 79 99 1
2363 80 99 1
2363 81 99 1
2363 82 99 1
2363 83 99 1
2363 84 99 1
2363 85 99 1
2363 86 99 1
2363 87 99 1
2363 88 99 1
2363 89 99 1
2363 90 99 1
2363 91 99 1
2363 92 99 1
2827 92 99 1
2827 93 98 1
2827 94 97 1
2827 95 96 1
2827 96 95 1
2827 97 94 1
2827 98 93 1
2827 97 92 1
2827 96 91 1
2827 95 90 1
2827 94 89 1
2827 93 88 1
2827 92 87 1
2827 91 86 1
2827 90 85 1
2827 89 84 1
2827 88 83 1
2827 87 82 1
2827 86 81 1
2827 85 80 1
2827 84 79 1
2827 83 78 1
2827 82 77 1
2827 81 76 1
2827 80 75 1
2827 79 74 1
2827 78 73 1
2827 77 72 1
2827 76 71 1
2827 75 70 1
2827 74 69 1
2827 73 68 1
2827 72 67 1
2827 71 66 1
2827 70 65 1
2827 69 64 1
2827 68 63 1
2827 67 62 1
2827 66 61 1
2827 65 60 1
2827 64 59 1
2827 63 58 1
2827 62 57 1
2827 61 56 1
2827 60 55 1
2827 59 54 1
2827 58 53 1
2827 57 52 1
2827 56 51 1
2827 55 50 1
2827 54 49 1
2827 53 48 1
2827 52 47 1
2827 51 46 1
2827 50 45 1
2827 49 44 1
2827 48 43 1
2827 47 42 1
2827 46 41 1
2827 45 40 1
2827 44 39 1
2827 43 38 1
2827 42 37 1
2827 41 36 1
2827 40 35 1
2827 39 34 1
2827 38 33 1
2827 37 32 1
2827 36 31 1
2827 35 30 1
2827 34 29 1
2827 33 28 1
2827 32 27 1
2827 31 26 1
2827 30 25 1
2827 29 24 1
2827 28 23 1
2827 27 22 1
3513 27 22 1
3513 28 23 1
3513 29 24 1
3513 30 25 1
3513 31 26 1
3513 32 27 1
3513 33 28 1
3513 34 29 1
3513 35 30 1
3513 36 31 1
3513 37 32 1
3513 38 33 1
3513 39 34 1
3513 40 35 1
3513 41 36 1
3513 42 37 1
3513 43 38 1
3513 44 39 1
3513 45 40 1
3513 46 41 1
3513 47 42 1
3513 48 43 1
3513 49 44 1
3513 50 45 1
3513 51 46 1
3513 52 47 1
3513 53 48 1
3513 54 49 1
3513 55 50 1
3513 56 51 1
3513 57 52 1
3513 58 53 1
3513 59 54 1
3513 60 55 1
3513 61 56 1
3513 62 57 1
3513 63 58 1
3513 64 58 1
3513 65 57 1
3513 66 56 1
3513 67 55 1
3513 68 54 1
3513 69 53 1
3513 70 52 1
3513 71 51 1
3513 72 50 1
3513 73 49 1
3513 74 48 1
3513 75 47 1
3513 76 46 1
3513 77 45 1
3513 78 44 1
3513 79 43 1
3513 80 42 1
3513 81 41 1
3513 82 40 1
3513 83 39 1
3513 84 38 1
3513 85 37 1
3513 86 36 1
3513 87 35 1
3513 88 34 1
3513 89 33 1
3513 90 32 1
3513 91 31 1
3513 92 30 1
3513 93 29 1
3513 94 28 1
2032 94 28 1
2032 93 27 1
2032 92 26 1
2032 91 25 1
2032 90 24 1
2032 89 23 1
2032 88 22 1
2032 87 21 1
2032 86 20 1
2032 85 19 1
2032 84 18 1
2032 83 17 1
2032 82 16 1
2032 81 15 1
2032 80 14 1
2032 79 13 1
2032 78 12 1
2032 77 11 1
2032 76 10 1
2032 75 9 1
2032 74 8 1
2032 73 7 1
2032 72 6 1
2032 71 6 1
2032 70 7 1
2032 69 8 1
2032 68 9 1
2032 67 10 1
2032 66 11 1
2032 65 12 1
2032 64 13 1
2032 63 14 1
2032 62 15 1
2032 61 16 1
2032 60 17 1
2032 59 18 1
2032 58 19 1
2032 57 20 1
2032 56 21 1
2032 55 22 1
2032 54 23 1
2032 53 24 1
2032 52 25 1
2032 51 26 1
2032 50 27 1
2032 49 28 1
2032 48 29 1
2032 47 30 1
2032 46 31 1
2032 45 32 1
2032 44 33 1
2032 43 34 1
2032 42 35 1
2032 41 36 1
2032 40 37 1
2032 39 38 1
2032 38 39 1
2032 37 40 1
2032 36 41 1
2032 35 42 1
2032 34 43 1
2032 33 44 1
2032 32 45 1
2032 31 46 1
2032 30 47 1
2406 30 47 1
2406 31 46 1
2406 32 45 1
2406 33 44 1
2406 34 43 1
2406 35 42 1
2406 36 41 1
2406 37 40 1
2406 38 39 1
2406 39 38 1
2406 40 37 1
2406 41 36 1
2406 42 35 1
2406 43 34 1
2406 44 33 1
2406 45 32 1
2406 46 31 1
2406 47 30 1
2406 48 29 1
2406 49 28 1
2406 48 27 1
3378 48 27 1
3378 49 28 1
3378 50 29 1
3378 51 30 1
3378 52 31 1
3378 53 32 1
3378 54 32 1
3378 55 31 1
3378 56 30 1
3378 57 29 1
3378 58 28 1
3378 59 27 1
3378 60 26 1
3378 61 25 1
3378 62 24 1
3378 63 23 1
3378 64 22 1
3378 65 21 1
2024 65 21 1
2024 64 20 1
2024 63 19 1
2024 62 18 1
2024 61 17 1
2024 60 16 1
2024 59 15 1
2024 58 14 1
2024 57 13 1
2024 56 12 1
2024 55 11 1
2024 54 10 1
2024 53 9 1
2024 52 8 1
2024 51 7 1
2024 50 6 1
2024 49 5 1
2024 48 6 1
2024 47 7 1
2024 46 8 1
2024 45 9 1
2024 44 10 1
2024 43 11 1
2024 42 12 1
2024 41 13 1
2024 40 14 1
2024 39 15 1
2024 38 16 1
2024 37 17 1
2024 36 18 1
2024 35 19 1
2024 34 20 1
2024 33 21 1
2024 32 22 1
2024 31 23 1
2024 30 24 1
2024 29 25 1
2024 28 26 1
2024 27 27 1
2024 26 28 1
2024 25 29 1
2024 24 30 1
2024 23 31 1
2024 22 32 1
2024 21 33 1
2024 20 34 1
2024 19 35 1
2024 18 36 1
2024 17 37 1
2666 17 37 1
2666 18 38 1
2666 19 39 1
2666 20 40 1
2666 21 41 1
2666 22 42 1
2666 23 43 1
2666 24 44 1
2666 25 45 1
2666 26 46 1
2666 27 47 1
2666 28 48 1
2666 29 49 1
2666 30 50 1
2666 31 51 1
2666 32 52 1
2666 33 53 1
2666 34 54 1
2666 35 55 1
2666 36 56 1
2666 37 57 1
2666 38 58 1
2666 39 59 1
2666 40 60 1
2666 41 61 1
2666 42 62 1
2666 43 63 1
2666 44 64 1
2666 45 65 1
2666 46 66 1
2666 47 67 1
2666 48 68 1
2666 49 69 1
2666 50 70 1
2666 51 71 1
2666 52 72 1
2666 53 73 1
2666 54 74 1
2666 55 75 1
2666 56 76 1
2666 57 77 1
2666 58 78 1
2666 59 79 1
2666 60 80 1
2666 61 81 1
2666 62 82 1
2666 63 83 1
2666 64 84 1
2666 65 85 1
2666 66 86 1
2666 67 87 1
2666 68 88 1
2666 69 89 1
2666 70 90 1
2666 71 89 1
2666 72 88 1
2666 73 87 1
2666 74 86 1
2666 75 85 1
2666 76 84 1
2666 77 83 1
2666 78 82 1
2666 79 81 1
2666 80 80 1
2666 81 79 1
2666 82 78 1
2666 83 77 1
2887 83 77 1
2887 82 76 1
2887 81 75 1
2887 80 74 1
2887 79 73 1
2887 78 72 1
2887 77 71 1
2887 76 70 1
2887 75 69 1
2887 74 68 1
2887 73 67 1
2887 72 66 1
2887 71 65 1
2887 70 64 1
2887 69 63 1
2887 68 62 1
2887 67 61 1
2887 66 60 1
2887 65 59 1
2887 64 58 1
2887 63 57 1
2887 62 56 1
2887 61 55 1
2887 60 54 1
2887 59 53 1
2887 58 52 1
2887 57 51 1
2887 56 50 1
2887 55 49 1
2887 54 48 1
2887 53 47 1
2887 52 46 1
2887 51 45 1
2887 50 44 1
2887 49 43 1
2887 48 42 1
2887 47 41 1
2887 46 40 1
2887 45 39 1
2887 44 38 1
2887 43 37 1
2887 42 36 1
2887 41 35 1
2887 40 34 1
2887 39 33 1
2887 38 32 1
2887 37 31 1
2887 36 30 1
2887 35 29 1
2887 34 28 1
2887 33 27 1
2887 32 26 1
2887 31 25 1
2887 30 24 1
2887 29 23 1
2887 28 22 1
2887 27 21 1
2887 26 20 1
2887 25 19 1
2887 24 18 1
2887 23 17 1
2887 22 18 1
2887 21 19 1
2887 20 20 1
2887 19 21 1
2887 18 22 1
2887 17 23 1
2887 16 24 1
2887 15 25 1
2887 14 26 1
2887 13 27 1
2887 12 28 1
2887 11 29 1
2887 10 30 1
2887 9 31 1
2887 8 32 1
2887 7 33 1
2887 6 34 1
1941 6 34 1
1941 7 33 1
1941 8 32 1
1941 9 31 1
1941 10 30 1
1941 11 29 1
1941 12 28 1
1941 13 27 1
1941 14 26 1
1941 15 25 1
1941 16 24 1
1941 17 23 1
1941 18 22 1
1941 19 21 1
1941 20 20 1
1941 21 19 1
1941 22 18 1
1941 23 17 1
1941 22 16 1
1941 21 15 1
1941 20 14 1
1941 19 13 1
1941 18 12 1
2006 18 12 1
2006 18 13 1
2006 18 14 1
2006 18 15 1
2006 18 16 1
2006 18 17 1
2006 18 18 1
2006 18 19 1
2006 18 20 1
2006 18 21 1
2006 18 22 1
2006 18 23 1
2006 18 24 1
2006 18 25 1
2006 18 26 1
2006 18 27 1
2006 18 28 1
2006 18 29 1
2006 18 30 1
2006 18 31 1
2006 18 32 1
2006 18 33 1
2006 18 34 1
2006 18 35 1
2006 18 36 1
2006 19 37 1
2006 20 38 1
2006 21 39 1
2006 22 40 1
2006 23 41 1
2006 24 42 1
2006 25 43 1
2006 26 44 1
2006 27 45 1
2006 28 46 1
2006 29 47 1
2006 30 48 1
2006 31 49 1
2006 32 50 1
2006 33 51 1
2006 34 52 1
2006 35 53 1
2006 36 54 1
2006 37 55 1
2006 38 56 1
2006 39 57 1
2006 40 58 1
2006 41 59 1
2006 42 60 1
2006 43 61 1
2006 44 62 1
2006 45 63 1
2006 46 64 1
2006 47 65 1
2006 48 66 1
2006 49 67 1
2006 50 68 1
2006 51 69 1
2006 52 70 1
2006 53 71 1
2006 54 72 1
2006 55 73 1
2006 56 74 1
2006 57 75 1
2333 57 75 1
2333 56 74 1
2333 55 73 1
2333 54 72 1
2333 53 71 1
2333 52 70 1
2333 51 69 1
2333 50 68 1
2333 49 67 1
2333 48 66 1
2333 47 65 1
2333 46 64 1
2333 45 63 1
2333 44 62 1
2333 43 61 1
2333 42 60 1
2333 41 59 1
2333 40 58 1
2333 39 57 1
2333 38 56 1
2333 37 55 1
2333 36 54 1
2333 35 54 1
2333 34 55 1
2333 33 56 1
2333 32 57 1
2333 31 58 1
2333 30 59 1
2476 30 59 1
2476 31 58 1
2476 32 57 1
2476 33 56 1
2476 34 55 1
2476 35 54 1
2476 36 53 1
2476 37 52 1
2476 38 51 1
2476 39 50 1
2476 39 49 1
2476 38 48 1
2476 37 47 1
2476 36 46 1
2476 35 45 1
2476 34 44 1
2476 33 43 1
2476 32 42 1
2476 31 41 1
2476 30 40 1
2476 29 39 1
2476 28 38 1
2476 27 37 1
2476 26 36 1
2476 25 35 1
2476 24 34 1
2476 23 33 1
2476 22 32 1
2476 21 31 1
2476 20 30 1
2476 19 29 1
2476 18 28 1
1922 18 28 1
1922 18 29 1
1922 18 30 1
1922 18 31 1
1922 18 32 1
1922 18 33 1
1922 18 34 1
1922 18 35 1
1922 18 36 1
1922 18 37 1
1922 18 38 1
1922 18 39 1
1922 18 40 1
1922 18 41 1
1922 18 42 1
1922 18 43 1
1922 18 44 1
1922 18 45 1
1922 18 46 1
1922 18 47 1
1922 18 48 1
1922 18 49 1
1922 19 50 1
1922 20 51 1
1922 21 52 1
1922 22 53 1
1922 23 54 1
1922 24 55 1
1922 25 56 1
1922 26 57 1
1922 27 58 1
1922 28 59 1
1922 29 60 1
1922 30 61 1
1922 31 62 1
1922 32 63 1
1922 33 64 1
1922 34 65 1
1922 35 66 1
1922 36 67 1
1922 37 68 1
1922 38 69 1
1922 39 70 1
1922 40 71 1
1922 41 72 1
1922 42 73 1
1922 43 74 1
1922 44 75 1
1922 45 76 1
1922 46 77 1
3272 46 77 1
3272 47 76 1
3272 48 75 1
3272 49 74 1
3272 50 73 1
3272 51 72 1
3272 52 71 1
3272 53 70 1
3272 54 69 1
3272 55 68 1
3272 56 67 1
3272 57 66 1
3272 57 65 1
3272 56 64 1
3272 55 63 1
3272 54 62 1
3272 53 61 1
3272 52 60 1
3272 51 59 1
3272 50 58 1
3272 49 57 1
3272 48 56 1
3272 47 55 1
3272 46 54 1
3272 45 53 1
3272 44 52 1
3272 43 51 1
3272 42 50 1
3272 41 49 1
3272 40 48 1
3272 39 47 1
3272 38 46 1
3272 37 45 1
3272 36 44 1
3272 35 43 1
3272 34 42 1
3272 33 41 1
3272 32 40 1
3272 31 39 1
3216 31 39 1
3216 32 38 1
3216 33 37 1
3216 34 36 1
3216 35 35 1
3216 36 34 1
3216 37 33 1
3216 38 32 1
3216 39 31 1
3216 40 30 1
3216 41 29 1
3216 42 28 1
3216 42 27 1
3216 41 26 1
3216 40 25 1
3216 39 24 1
3216 38 23 1
3216 37 22 1
3216 36 21 1
3216 35 20 1
3216 34 19 1
3216 33 18 1
2895 33 18 1
2895 34 19 1
2895 35 20 1
2895 36 21 1
2895 37 22 1
2895 38 23 1
2895 39 24 1
2895 40 25 1
2895 41 26 1
2895 42 26 1
2895 43 25 1
2895 44 24 1
2895 45 23 1
2895 46 22 1
2895 47 21 1
2895 48 20 1
2895 49 19 1
2895 50 18 1
2895 51 17 1
2895 52 16 1
2895 53 15 1
2895 54 14 1
2895 55 13 1
2895 56 12 1
2895 57 11 1
2895 58 10 1
3260 58 10 1
3260 57 9 1
3260 56 8 1
3260 55 7 1
3260 54 6 1
3260 53 5 1
3260 52 4 1
3260 51 3 1
3260 50 4 1
3260 49 5 1
3260 48 6 1
3260 47 7 1
3260 46 8 1
3260 45 9 1
3260 44 10 1
3260 43 11 1
3260 42 12 1
3260 41 13 1
3260 40 14 1
3260 39 15 1
3260 38 16 1
3260 37 17 1