625
626
3204 74 93 0
3204 75 92 1
3204 76 91 1
3204 77 90 1
3204 78 89 1
3204 79 88 1
3204 80 87 1
3204 81 86 1
3204 82 85 1
3204 83 84 1
3204 84 83 1
3204 85 82 1
3204 86 81 1
3204 87 80 1
3204 88 79 1
3204 89 78 1
3204 90 77 1
3204 91 76 1
3204 92 75 1
3204 93 74 1
3204 94 73 1
3204 95 72 1
3204 96 71 1
3204 97 70 1
3204 98 69 1
3204 99 68 1
3204 99 67 1
3204 99 66 1
3204 99 65 1
3204 99 64 1
3204 99 63 1
3204 99 62 1
3204 99 61 1
3204 99 60 1
3204 99 59 1
3204 99 58 1
3204 99 57 1
3204 99 56 1
3204 99 55 1
3204 99 54 1
3204 99 53 1
3204 99 52 1
3204 99 51 1
3204 99 50 1
3204 99 49 1
3204 99 48 1
3204 99 47 1
3204 99 46 1
3204 99 45 1
3204 99 44 1
3204 99 43 1
3204 99 42 1
3204 99 41 1
3204 99 40 1
3204 99 39 1
3204 99 38 1
3204 99 37 1
3204 99 36 1
3204 99 35 1
3204 99 34 1
3204 99 33 1
3204 99 32 1
3204 99 31 1
3204 99 30 1
3204 99 29 1
3204 99 28 1
3204 99 27 1
3204 99 26 1
3204 99 25 1
3204 99 24 1
3204 99 23 1
3204 99 22 1
3204 99 21 1
3204 99 20 1
3204 99 19 1
3204 99 18 1
3204 99 17 1
3204 99 16 1
3204 99 15 1
3204 99 14 1
3204 99 13 1
3204 99 12 1
3204 99 11 1
3204 99 10 1
3204 99 9 1
3204 99 8 1
3204 98 7 1
3204 97 6 1
3204 96 5 1
3204 95 4 1
3204 94 3 1
3204 93 2 1
2645 93 2 1
2645 92 1 1
2645 91 0 1
2645 90 0 1
2645 89 0 1
2645 88 0 1
2645 87 0 1
2645 86 0 1
2645 85 0 1
2645 84 1 1
2645 83 2 1
2645 82 3 1
2645 81 4 1
2645 80 5 1
2645 79 6 1
2645 78 7 1
2645 77 8 1
2645 76 9 1
2645 75 10 1
2645 74 11 1
2645 73 12 1
2645 72 13 1
2645 71 14 1
2645 70 15 1
2645 69 16 1
2645 68 17 1
2645 67 18 1
2645 66 19 1
2645 65 20 1
2645 64 21 1
2645 63 22 1
2645 62 23 1
2645 61 24 1
2645 60 25 1
2645 59 26 1
2645 58 27 1
2645 57 28 1
2645 56 29 1
2645 55 30 1
2645 54 31 1
2645 53 32 1
2645 52 33 1
2645 51 34 1
2645 50 35 1
2645 49 36 1
2645 48 37 1
2645 47 38 1
2645 46 39 1
2645 45 40 1
2645 44 41 1
2645 43 42 1
2645 42 43 1
2645 41 44 1
2645 40 45 1
2645 39 46 1
2051 39 46 1
2051 40 47 1
2051 41 48 1
2051 42 49 1
2051 43 50 1
2051 44 51 1
2051 45 52 1
2051 46 53 1
2051 47 54 1
2051 48 55 1
2051 49 56 1
2051 50 57 1
2051 51 58 1
2051 52 59 1
2051 53 60 1
2051 54 61 1
2051 55 62 1
2051 56 63 1
2051 57 64 1
2051 58 65 1
2051 59 66 1
2051 60 67 1
2051 61 68 1
2051 62 69 1
2051 63 70 1
2051 64 71 1
2051 65 72 1
2051 66 73 1
2051 67 74 1
2051 68 75 1
2051 69 76 1
2051 70 77 1
2051 71 78 1
2051 72 79 1
2051 73 80 1
2051 74 81 1
2051 75 82 1
2051 76 82 1
2051 77 81 1
2051 78 80 1
2051 79 79 1
2051 80 78 1
2051 81 77 1
2051 82 76 1
2051 83 75 1
2051 84 74 1
2051 85 73 1
2051 86 72 1
2051 87 71 1
2051 88 70 1
2051 89 69 1
2051 90 68 1
2051 91 67 1
2051 92 66 1
2051 93 65 1
2051 94 64 1
2051 95 63 1
2051 96 62 1
2051 97 61 1
1935 97 61 1
1935 98 60 1
1935 99 59 1
1935 99 58 1
1935 99 57 1
1935 99 56 1
1935 99 55 1
1935 99 54 1
1935 99 53 1
1935 99 52 1
1935 99 51 1
1935 99 50 1
1935 99 49 1
1935 99 48 1
1935 99 47 1
1935 98 46 1
1935 97 45 1
1935 96 44 1
1935 95 43 1
1935 94 42 1
1935 93 41 1
1935 92 40 1
1935 91 39 1
1935 90 38 1
1935 89 37 1
1935 88 36 1
1935 87 35 1
1935 86 34 1
1935 85 33 1
1935 84 32 1
1935 83 31 1
1935 82 30 1
1935 81 29 1
1935 80 28 1
1935 79 27 1
1935 78 26 1
1935 77 25 1
1935 76 24 1
1935 75 23 1
1935 74 22 1
1935 73 21 1
1935 72 20 1
1935 71 19 1
1935 70 18 1
1935 69 17 1
1935 68 16 1
1935 67 15 1
1935 66 14 1
1935 65 13 1
1935 64 12 1
1935 63 11 1
3570 63 11 1
3570 63 12 1
3570 63 13 1
3570 63 14 1
3570 63 15 1
3570 63 16 1
3570 63 17 1
3570 63 18 1
3570 63 19 1
3570 64 20 1
3570 65 21 1
3570 66 22 1
3570 67 23 1
3570 68 24 1
3570 69 25 1
3570 70 26 1
3570 71 27 1
3570 72 28 1
3570 73 29 1
3570 74 30 1
3570 75 31 1
3570 76 32 1
3570 77 33 1
3570 78 34 1
3570 79 35 1
3570 80 36 1
3570 81 37 1
3570 82 38 1
3570 83 39 1
3570 84 40 1
3570 85 41 1
3570 86 42 1
3570 87 43 1
3570 88 44 1
3570 89 45 1
3570 90 46 1
3457 90 46 1
3457 91 45 1
3457 92 44 1
3457 93 43 1
3457 94 42 1
3457 95 41 1
3457 94 40 1
3457 93 39 1
3457 92 38 1
3457 91 37 1
3457 90 36 1
3457 89 35 1
3457 88 34 1
3457 87 33 1
3457 86 32 1
3457 85 31 1
3457 84 30 1
3457 83 29 1
3457 82 28 1
3457 81 27 1
3457 80 26 1
3457 79 25 1
3457 78 24 1
3457 77 23 1
3457 76 22 1
3457 75 21 1
3457 74 20 1
3457 73 19 1
3457 72 18 1
3457 71 17 1
3457 70 16 1
3457 69 15 1
3457 68 14 1
3457 67 13 1
3457 66 12 1
3457 65 11 1
3457 64 10 1
3457 63 9 1
3457 62 8 1
3457 61 7 1
3457 60 6 1
3457 59 5 1
3457 58 4 1
3457 57 3 1
3457 56 2 1
3457 55 1 1
3457 54 0 1
2508 54 0 1
2508 55 1 1
2508 56 2 1
2508 57 3 1
2508 58 4 1
2508 59 5 1
2508 60 6 1
2508 61 7 1
2508 62 8 1
2508 63 9 1
2508 64 10 1
2508 65 11 1
2508 66 12 1
2508 67 13 1
2508 68 14 1
2508 69 15 1
2508 70 16 1
2508 71 17 1
2508 72 18 1
2508 73 19 1
2508 74 20 1
2508 75 21 1
2508 76 22 1
2508 77 23 1
2508 78 24 1
2508 79 25 1
2508 80 26 1
2508 81 27 1
2508 82 28 1
2508 83 29 1
2508 84 30 1
2508 85 31 1
2508 86 32 1
2508 87 33 1
2508 88 34 1
2508 89 35 1
2508 90 36 1
2508 91 37 1
2508 92 38 1
2508 93 39 1
2508 94 40 1
2508 95 41 1
2508 96 40 1
2508 97 39 1
2414 97 39 1
2414 98 38 1
2414 99 37 1
2414 99 36 1
2414 99 35 1
2414 99 34 1
2414 99 33 1
2414 99 32 1
2414 99 31 1
2414 99 30 1
2414 99 29 1
2414 98 28 1
2414 97 27 1
2414 96 26 1
2414 95 25 1
2414 94 24 1
2414 93 23 1
2414 92 22 1
2414 91 21 1
2414 90 20 1
2414 89 19 1
2414 88 18 1
2414 87 17 1
2414 86 16 1
2414 85 15 1
2414 84 14 1
2414 83 13 1
2414 82 12 1
2414 81 11 1
2414 80 10 1
2414 79 9 1
2414 78 8 1
2414 77 7 1
2414 76 6 1
2414 75 5 1
2414 74 4 1
2271 74 4 1
2271 73 3 1
2271 72 2 1
2271 71 1 1
2271 70 1 1
2271 69 2 1
2271 68 3 1
2271 67 4 1
2271 66 5 1
2271 65 6 1
2271 64 7 1
2271 63 8 1
2271 62 9 1
2271 61 10 1
2271 60 11 1
2271 59 12 1
2271 58 13 1
2271 57 14 1
2271 56 15 1
2271 55 16 1
2271 54 17 1
2271 53 18 1
2271 52 19 1
2271 51 20 1
2271 50 21 1
2271 49 22 1
2271 48 23 1
2271 47 24 1
2271 46 25 1
2271 45 26 1
2271 44 27 1
2271 43 28 1
2271 42 29 1
2271 41 30 1
2271 40 31 1
2271 39 32 1
2271 38 33 1
2271 37 34 1
2271 36 35 1
2271 35 36 1
2271 34 37 1
2271 33 38 1
2271 32 39 1
2271 31 40 1
2271 30 41 1
2271 29 42 1
2271 28 43 1
2314 28 43 1
2314 28 44 1
2314 28 45 1
2314 28 46 1
2314 28 47 1
2314 28 48 1
2314 28 49 1
2314 28 50 1
2314 28 51 1
2314 29 52 1
2314 30 53 1
2307 30 53 1
2307 31 54 1
2307 32 55 1
2307 33 56 1
2307 34 57 1
2307 35 58 1
2307 36 59 1
2307 37 60 1
2307 38 61 1
2307 39 62 1
2307 40 63 1
2307 41 64 1
2307 42 65 1
2307 43 66 1
2307 44 67 1
2307 45 68 1
2307 46 67 1
2307 47 66 1
2307 48 65 1
2307 49 64 1
3426 49 64 1
3426 49 63 1
3426 48 62 1
3426 47 61 1
3426 46 60 1
3426 45 59 1
3426 44 58 1
3426 43 57 1
3426 42 56 1
3426 41 55 1
3426 40 54 1
3426 39 53 1
3426 38 52 1
3426 37 51 1
3426 36 50 1
3426 35 49 1
3329 35 49 1
3329 34 48 1
3329 33 47 1
3329 32 46 1
3329 31 45 1
3329 30 44 1
3329 29 43 1
3329 28 42 1
3329 27 41 1
3329 26 40 1
3329 25 39 1
3329 24 38 1
3329 23 37 1
3329 22 36 1
3329 21 35 1
3329 20 34 1
3329 19 33 1
3329 18 32 1
3329 17 31 1
3329 16 30 1
3329 15 29 1
3329 14 28 1
3329 13 27 1
3329 12 26 1
3329 11 25 1
3329 10 24 1
3329 9 23 1
3329 8 24 1
3329 7 25 1
3329 6 26 1
3329 5 27 1
3329 4 28 1
2347 4 28 1
2347 5 28 1
2347 6 27 1
2347 7 26 1
2347 8 25 1
2347 9 24 1
2347 10 23 1
2347 11 22 1
2049 11 22 1
2049 11 23 1
2049 11 24 1
2049 11 25 1
2049 11 26 1
2049 11 27 1
2049 11 28 1
2049 11 29 1
2049 11 30 1
2049 11 31 1
2049 11 32 1
2049 11 33 1
2049 11 34 1
2049 11 35 1
2049 11 36 1
2049 11 37 1
2049 11 38 1
2049 11 39 1
2049 11 40 1
2049 11 41 1
2049 11 42 1
2049 11 43 1
2049 11 44 1
2049 11 45 1
2049 11 46 1
2049 11 47 1
2049 11 48 1
2049 11 49 1
2049 11 50 1
2049 11 51 1
2049 11 52 1
2049 11 53 1
2049 11 54 1
2049 11 55 1
2049 11 56 1
2049 11 57 1
2049 11 58 1
2049 11 59 1
2049 11 60 1
2049 11 61 1
2049 11 62 1
2049 11 63 1
2049 11 64 1
2049 11 65 1
2049 11 66 1
2049 11 67 1
2049 11 68 1
2049 11 69 1
2049 11 70 1
2049 11 71 1
2049 11 72 1
2049 11 73 1
2049 11 74 1
2049 11 75 1
2049 11 76 1
2049 11 77 1
2049 11 78 1
2049 11 79 1
2049 11 80 1
2049 11 81 1
2049 11 82 1
2049 11 83 1
2049 12 84 1
2049 13 85 1
2049 14 86 1
2049 15 87 1
2049 16 88 1
2049 17 89 1
2049 18 90 1
2049 19 91 1
2049 20 92 1
2049 21 93 1