321
322
1886 86 99 0
1886 85 98 1
1886 84 97 1
1886 83 96 1
1886 82 95 1
1886 81 94 1
1886 80 93 1
1886 79 92 1
1886 78 91 1
1886 77 90 1
1886 76 89 1
1886 75 88 1
1886 74 87 1
1886 73 86 1
1886 72 85 1
1886 71 84 1
1886 70 83 1
1886 69 82 1
1886 68 81 1
1886 67 80 1
1886 66 79 1
1886 65 78 1
1886 64 77 1
1886 63 76 1
1886 62 75 1
1886 61 74 1
1886 60 73 1
1886 59 72 1
1886 58 71 1
1886 57 70 1
1886 56 69 1
1886 55 68 1
1886 54 67 1
1886 53 68 1
1886 52 69 1
1886 51 70 1
1886 50 71 1
1886 49 72 1
1886 48 73 1
3357 48 73 1
3357 49 72 1
3357 50 71 1
3357 51 70 1
3357 52 69 1
3357 53 68 1
3357 54 67 1
3357 55 66 1
3357 56 65 1
3357 57 64 1
3357 58 63 1
3357 59 62 1
3357 60 61 1
3357 61 60 1
3357 62 59 1
3357 63 58 1
3357 64 57 1
3357 65 56 1
3357 66 55 1
3357 67 54 1
3357 68 53 1
3357 69 52 1
3357 70 51 1
3357 71 50 1
3357 72 49 1
3357 73 48 1
3357 74 47 1
3357 75 46 1
3357 74 45 1
3357 73 44 1
3357 72 43 1
3357 71 42 1
3154 71 42 1
3154 70 41 1
3154 69 40 1
3154 68 39 1
3154 67 38 1
3154 66 37 1
3154 65 36 1
3154 64 35 1
3154 63 34 1
3154 62 33 1
3154 61 32 1
3154 60 31 1
3154 59 30 1
3154 58 29 1
3154 57 28 1
3154 56 27 1
3154 55 26 1
3154 54 25 1
3154 53 24 1
3154 52 23 1
3154 51 22 1
3154 50 21 1
3154 49 20 1
3154 48 19 1
3154 47 18 1
3154 46 17 1
3154 45 16 1
3154 44 15 1
3154 43 14 1
3154 42 13 1
3154 41 12 1
3154 40 11 1
3154 39 10 1
3154 38 9 1
3154 37 10 1
3154 36 11 1
3154 35 12 1
3154 34 13 1
3154 33 14 1
3154 32 15 1
3154 31 16 1
3154 30 17 1
3154 29 18 1
3154 28 19 1
3154 27 20 1
3154 26 21 1
3154 25 22 1
3154 24 23 1
3154 23 24 1
3154 22 25 1
3154 21 26 1
3154 20 27 1
3154 19 28 1
3154 18 29 1
3154 17 30 1
3154 16 31 1
3154 15 32 1
3154 14 33 1
3154 13 34 1
3154 12 35 1
3154 11 36 1
3154 10 37 1
3154 9 38 1
3154 8 39 1
3154 7 40 1
3154 6 41 1
3154 5 42 1
3154 4 43 1
3154 3 44 1
3154 2 45 1
3154 1 46 1
3359 1 46 1
3359 2 47 1
3359 3 48 1
3359 4 49 1
3359 5 50 1
3359 6 51 1
3359 7 52 1
3359 8 53 1
3359 9 54 1
3359 10 55 1
3359 11 56 1
3359 12 57 1
3359 13 58 1
3359 14 59 1
3359 15 60 1
3359 16 61 1
3359 17 62 1
3359 18 63 1
3359 19 64 1
3359 20 65 1
3359 21 66 1
3359 22 67 1
3359 23 68 1
3359 24 69 1
3359 25 70 1
3359 26 71 1
3359 27 72 1
3359 28 73 1
3359 29 74 1
3359 30 75 1
3359 31 76 1
3359 32 77 1
3359 33 78 1
3359 34 79 1
3359 35 80 1
3359 36 81 1
3359 37 82 1
3359 38 83 1
3359 39 84 1
3359 40 85 1
3359 41 86 1
3359 42 87 1
3359 43 88 1
3359 44 89 1
3359 45 90 1
3359 46 91 1
3359 47 92 1
3359 48 93 1
3359 49 94 1
3359 50 95 1
3359 51 96 1
3359 52 95 1
3359 53 94 1
3359 54 93 1
3359 55 92 1
3359 56 91 1
3359 57 90 1
3359 58 89 1
3359 59 88 1
3359 60 87 1
3359 61 86 1
3359 62 85 1
3359 63 84 1
3359 64 83 1
3359 65 82 1
3359 66 81 1
3359 67 80 1
3359 68 79 1
3359 69 78 1
3359 70 77 1
3359 71 76 1
3359 72 75 1
3359 73 74 1
3359 74 73 1
3359 75 72 1
3359 76 71 1
3359 77 70 1
3359 78 69 1
3359 79 68 1
3359 80 67 1
3359 81 66 1
3359 82 65 1
3359 83 64 1
3359 84 63 1
3359 85 62 1
3359 86 61 1
3359 87 60 1
3359 88 59 1
3359 89 58 1
3359 90 57 1
2887 90 57 1
2887 89 56 1
2887 88 55 1
2887 87 54 1
2887 86 53 1
2887 85 52 1
2887 84 51 1
2887 83 50 1
2887 82 49 1
2887 81 48 1
2887 80 47 1
2887 79 46 1
2887 78 45 1
2887 77 44 1
2887 76 43 1
2887 75 42 1
2887 74 41 1
2887 73 40 1
2887 72 39 1
2887 71 38 1
2887 70 37 1
2887 69 36 1
2887 68 35 1
2887 67 34 1
2887 66 33 1
2887 65 32 1
2887 64 31 1
2887 63 30 1
2887 62 29 1
2887 61 28 1
2887 60 27 1
2887 59 26 1
2887 58 25 1
2887 57 24 1
2887 56 23 1
2887 55 22 1
2887 54 21 1
2887 53 20 1
2887 52 19 1
2887 51 18 1
2887 50 17 1
2887 49 18 1
2887 48 19 1
2887 47 20 1
2887 46 21 1
2887 45 22 1
2887 44 23 1
2887 43 24 1
2887 42 25 1
2887 41 26 1
2887 40 27 1
2887 39 28 1
2887 38 29 1
2887 37 30 1
2887 36 31 1
2887 35 32 1
2887 34 33 1
2887 33 34 1
2887 32 35 1
2887 31 36 1
2887 30 37 1
2887 29 38 1
2887 28 39 1
2887 27 40 1
2887 26 41 1
2887 25 42 1
2887 24 43 1
2887 23 44 1
2887 22 45 1
2887 21 46 1
2887 20 47 1
2887 19 48 1
2887 18 49 1
2887 17 50 1
2887 16 51 1
3499 16 51 1
3499 16 52 1
3499 16 53 1
3499 16 54 1
3499 16 55 1
3499 16 56 1
3499 16 57 1
3499 16 58 1
3499 15 59 1
3499 14 60 1
3499 13 61 1
3499 12 62 1
3499 11 63 1
3499 10 64 1
3499 9 65 1