483
484
2368 49 1 0
2368 48 0 1
2368 47 0 1
2368 46 0 1
2368 45 0 1
2368 44 0 1
2368 43 0 1
2368 42 0 1
2368 41 1 1
2368 40 2 1
2368 39 3 1
2368 38 4 1
2368 37 5 1
3577 37 5 1
3577 37 6 1
3577 37 7 1
3577 37 8 1
3577 37 9 1
3577 37 10 1
3577 37 11 1
3577 37 12 1
3577 37 13 1
3577 37 14 1
3577 37 15 1
3577 37 16 1
3577 37 17 1
3577 37 18 1
3577 37 19 1
3577 37 20 1
3577 37 21 1
3577 37 22 1
3577 37 23 1
3577 36 24 1
3577 35 25 1
3577 34 26 1
3577 33 27 1
3577 32 28 1
3577 31 29 1
3577 30 30 1
3577 29 31 1
3577 28 32 1
3577 27 33 1
3577 26 34 1
3577 25 35 1
3577 24 36 1
3577 23 37 1
3587 23 37 1
3587 24 36 1
3587 25 35 1
3587 26 34 1
3587 27 33 1
3587 28 32 1
3587 29 31 1
3587 30 30 1
3587 31 29 1
3587 32 28 1
3587 33 27 1
3587 33 26 1
3587 32 25 1
3587 31 24 1
3587 30 23 1
3587 29 22 1
3587 28 21 1
3587 27 20 1
3587 26 19 1
3587 25 18 1
3587 24 17 1
3587 23 16 1
3587 22 15 1
3587 21 14 1
3587 20 13 1
3587 19 12 1
3587 18 11 1
3587 17 10 1
3587 16 9 1
3587 15 8 1
3587 14 7 1
3587 13 6 1
3587 12 5 1
3587 11 4 1
3587 10 3 1
3587 9 2 1
3587 8 1 1
2100 8 1 1
2100 9 2 1
2100 10 3 1
2100 11 4 1
2100 12 5 1
2100 13 6 1
2100 14 7 1
2100 15 8 1
2100 16 9 1
2100 17 10 1
2100 18 11 1
2100 19 12 1
2100 20 13 1
2100 21 14 1
2100 22 15 1
2100 23 16 1
2100 24 17 1
2100 25 18 1
2100 26 19 1
2100 27 20 1
2100 28 21 1
2100 29 22 1
2100 30 23 1
2100 31 24 1
2100 32 25 1
2100 33 26 1
2100 34 27 1
2100 35 28 1
2100 36 29 1
2100 37 30 1
2100 38 31 1
2100 39 32 1
2100 40 33 1
2100 41 34 1
2100 42 35 1
2100 43 36 1
2100 44 37 1
2100 45 38 1
2100 46 39 1
2100 47 40 1
2100 48 41 1
2100 49 42 1
2100 50 43 1
2100 51 44 1
2100 52 45 1
2100 53 46 1
2100 54 47 1
2100 55 48 1
2100 56 49 1
2100 57 50 1
2100 58 51 1
2100 59 52 1
2100 60 53 1
2100 61 54 1
2100 62 55 1
2100 63 56 1
2100 64 57 1
2100 65 58 1
2100 66 59 1
2100 67 60 1
2100 68 61 1
2100 69 62 1
2100 70 63 1
2100 71 64 1
2100 72 65 1
2100 73 66 1
2100 74 67 1
2100 75 68 1
2100 76 69 1
2100 77 70 1
2100 78 71 1
2100 79 72 1
2100 80 71 1
2100 81 70 1
2100 82 69 1
2100 83 68 1
2100 84 67 1
2100 85 66 1
2100 86 65 1
2100 87 64 1
2100 88 63 1
2100 89 62 1
3511 89 62 1
3511 88 61 1
3511 87 60 1
3511 86 59 1
3511 85 58 1
3511 84 57 1
3511 83 56 1
3511 82 55 1
3511 81 54 1
3511 80 53 1
3511 79 52 1
3511 78 51 1
3511 77 50 1
3511 76 49 1
3511 75 48 1
3511 74 47 1
3511 73 46 1
3511 72 45 1
3511 71 44 1
3511 70 43 1
3511 69 42 1
3511 68 41 1
3511 67 40 1
3511 66 39 1
3511 65 38 1
3511 64 37 1
3511 63 36 1
3511 62 35 1
3511 61 34 1
3511 60 33 1
3511 59 32 1
3511 58 31 1
3511 57 30 1
3511 56 29 1
3511 55 28 1
3511 54 27 1
3511 53 26 1
3511 52 25 1
3511 51 24 1
3511 50 24 1
3511 49 25 1
3511 48 26 1
3511 47 27 1
3511 46 28 1
3511 45 29 1
3511 44 30 1
3511 43 31 1
3511 42 32 1
3511 41 33 1
3511 40 34 1
3511 39 35 1
3511 38 36 1
3511 37 37 1
1848 37 37 1
1848 38 38 1
1848 39 39 1
1848 40 40 1
1848 41 41 1
1848 42 42 1
1848 43 43 1
1848 44 44 1
1848 45 45 1
1848 46 46 1
1848 47 47 1
1848 48 48 1
1848 49 49 1
1848 50 50 1
1848 51 51 1
1848 52 50 1
1848 53 49 1
1848 54 48 1
1848 55 47 1
1848 56 46 1
1848 57 45 1
1848 58 44 1
1848 59 43 1
1848 60 42 1
1848 61 41 1
1848 62 40 1
1848 63 39 1
1848 64 38 1
1848 65 37 1
1848 66 36 1
1848 67 35 1
1848 68 34 1
1848 69 33 1
1848 70 32 1
1848 71 31 1
1848 72 30 1
1848 73 29 1
1848 74 28 1
1848 75 27 1
1848 76 26 1
1941 76 26 1
1941 75 25 1
1941 74 24 1
1941 73 23 1
1941 72 22 1
1941 71 21 1
1941 70 20 1
1941 69 19 1
1941 68 18 1
1941 67 17 1
1941 66 16 1
1941 65 15 1
1941 64 14 1
1941 63 15 1
1941 62 16 1
1941 61 17 1
1941 60 18 1
1941 59 19 1
1941 58 20 1
1941 57 21 1
1941 56 22 1
1941 55 23 1
1941 54 24 1
1941 53 25 1
1941 52 26 1
1941 51 27 1
1941 50 28 1
1941 49 29 1
1941 48 30 1
2721 48 30 1
2721 48 31 1
2721 48 32 1
2721 48 33 1
2721 48 34 1
2721 48 35 1
2721 48 36 1
2721 48 37 1
2721 48 38 1
2721 49 39 1
2721 50 40 1
2721 51 41 1
2721 52 42 1
2721 53 43 1
2721 54 44 1
2721 55 45 1
2721 56 46 1
2721 57 47 1
2721 58 48 1
2721 59 49 1
2721 60 50 1
2721 61 51 1
2721 62 52 1
2721 63 53 1
2721 64 54 1
2721 65 55 1
2721 66 56 1
2721 67 57 1
2721 68 58 1
2129 68 58 1
2129 67 57 1
2129 66 56 1
2129 65 55 1
2129 64 54 1
2129 63 53 1
2129 62 52 1
2129 61 51 1
2129 60 50 1
2129 59 49 1
2129 58 48 1
2129 57 47 1
2129 56 46 1
2129 55 45 1
2129 54 46 1
2129 53 47 1
2129 52 48 1
2129 51 49 1
2129 50 50 1
2129 49 51 1
2129 48 52 1
2129 47 53 1
2129 46 54 1
2129 45 55 1
2129 44 56 1
2129 43 57 1
2129 42 58 1
2129 41 59 1
2129 40 60 1
2129 39 61 1
2129 38 62 1
2129 37 63 1
2129 36 64 1
2129 35 65 1
2129 34 66 1
2129 33 67 1
2129 32 68 1
2129 31 69 1
2129 30 70 1
3206 30 70 1
3206 31 71 1
3206 32 72 1
3206 33 73 1
3206 34 74 1
3206 35 75 1
3206 36 76 1
3206 37 77 1
3206 38 78 1
3206 39 79 1
3206 40 80 1
3206 41 81 1
3206 42 82 1
3206 43 83 1
3206 44 84 1
3206 45 85 1
3206 46 86 1
3206 47 87 1
3206 48 88 1
3206 49 89 1
3206 50 88 1
3206 51 87 1
3206 52 86 1
3206 53 85 1
3206 54 84 1
3206 55 83 1
3206 56 82 1
3206 57 81 1
3206 58 80 1
3206 59 79 1
3206 60 78 1
3206 61 77 1
3206 62 76 1
3206 63 75 1
3206 64 74 1
3206 65 73 1
3206 66 72 1
3206 67 71 1
3206 68 70 1
3206 69 69 1
3206 70 68 1
3206 71 67 1
3206 72 66 1
3206 73 65 1
3206 74 64 1
3206 75 63 1
3206 76 62 1
3206 77 61 1
3206 78 60 1
3206 79 59 1
3206 80 58 1
3206 81 57 1
3206 82 56 1
3206 83 55 1
3206 84 54 1
3206 85 53 1
3206 86 52 1
3206 87 51 1
3206 88 50 1
3206 89 49 1
3206 90 48 1
3206 91 47 1
3206 92 46 1
3206 93 45 1
3206 94 44 1
3206 95 43 1
3206 96 42 1
2597 96 42 1
2597 95 41 1
2597 94 40 1
2597 93 39 1
2597 92 38 1
2597 91 37 1
2597 90 36 1
2597 89 35 1
2597 88 34 1
2597 87 33 1
2597 86 32 1
2597 85 31 1
2597 84 30 1
2597 83 29 1
2597 82 28 1
2597 81 27 1
2597 80 26 1
2597 79 25 1
2597 78 24 1
2597 77 23 1
2597 76 22 1
2597 75 23 1
2597 74 24 1
2597 73 25 1
2597 72 26 1
2597 71 27 1
2597 70 28 1
2597 69 29 1
2597 68 30 1
2597 67 31 1
2597 66 32 1
2299 66 32 1
2299 67 31 1
2299 68 30 1
2299 69 29 1
2299 70 28 1
2299 71 27 1
2299 72 26 1
2299 73 25 1
2299 74 24 1
2299 75 23 1
2299 76 22 1
2299 77 21 1
2299 78 20 1
2299 79 19 1
2299 80 18 1
2299 81 17 1
2299 82 16 1
2299 83 15 1
2299 84 14 1
2299 85 13 1
2299 86 12 1
2299 87 11 1
2299 88 10 1
2299 89 9 1
2299 90 8 1
2299 91 7 1
2299 92 6 1
2299 93 5 1
2299 93 4 1
2299 92 3 1
2299 91 2 1