333
334
1869 20 11 0
1869 20 12 1
1869 20 13 1
1869 20 14 1
1869 20 15 1
1869 20 16 1
1869 20 17 1
1869 20 18 1
1869 20 19 1
1869 20 20 1
1869 20 21 1
1869 20 22 1
1869 20 23 1
1869 20 24 1
1869 20 25 1
1869 20 26 1
1869 20 27 1
1869 20 28 1
1869 20 29 1
1869 21 30 1
1869 22 31 1
1869 23 32 1
1869 24 33 1
1869 25 34 1
1869 26 35 1
1869 27 36 1
1869 28 37 1
1869 29 38 1
1869 30 39 1
1869 31 40 1
1869 32 41 1
1869 33 42 1
1869 34 43 1
1869 35 44 1
1869 36 45 1
1869 37 46 1
1869 38 47 1
1869 39 48 1
1869 40 49 1
1869 41 50 1
1869 42 51 1
1869 43 52 1
1869 44 53 1
1869 45 54 1
1869 46 55 1
1869 47 56 1
1869 48 57 1
1869 49 58 1
1869 50 59 1
1869 51 60 1
1869 52 61 1
1869 53 62 1
1869 54 63 1
1869 55 64 1
1869 56 65 1
1869 57 66 1
1869 58 67 1
1869 59 68 1
1869 60 69 1
1869 61 70 1
1869 62 71 1
1869 63 72 1
1869 64 73 1
1869 65 74 1
1869 66 75 1
1869 67 76 1
1869 68 77 1
1869 69 78 1
1869 70 79 1
1869 71 80 1
1869 72 81 1
1869 73 82 1
1869 74 83 1
1869 75 84 1
1869 76 85 1
1869 77 86 1
1869 78 87 1
1869 79 88 1
1869 80 89 1
1869 81 90 1
1869 82 91 1
1869 83 92 1
1869 84 93 1
1869 85 94 1
1869 86 95 1
1869 87 96 1
1869 88 97 1
1869 89 98 1
2297 89 98 1
2297 88 97 1
2297 87 96 1
2297 86 95 1
2297 85 94 1
2297 84 93 1
2297 83 92 1
2297 82 91 1
2297 81 90 1
2297 80 89 1
2297 79 88 1
2297 78 87 1
2297 77 86 1
2297 76 85 1
2297 75 84 1
2297 74 83 1
2297 73 82 1
2297 72 81 1
2297 71 80 1
2297 70 79 1
2297 69 78 1
2297 68 77 1
2297 67 76 1
2297 66 75 1
2297 65 74 1
2297 64 73 1
2297 63 72 1
2297 62 71 1
2297 61 70 1
2297 60 69 1
2297 59 68 1
2297 58 67 1
2297 57 66 1
2297 56 65 1
2297 55 64 1
2297 54 63 1
2297 53 62 1
2297 52 61 1
2297 51 60 1
2297 50 59 1
2297 49 58 1
2297 48 57 1
2297 47 56 1
2297 46 55 1
2297 45 56 1
2297 44 57 1
2297 43 58 1
2297 42 59 1
2297 41 60 1
2297 40 61 1
2297 39 62 1
2297 38 63 1
2297 37 64 1
2297 36 65 1
2297 35 66 1
2297 34 67 1
2297 33 68 1
2297 32 69 1
2297 31 70 1
2297 30 71 1
2297 29 72 1
2297 28 73 1
2297 27 74 1
2297 26 75 1
2297 25 76 1
2297 24 77 1
2297 23 78 1
2297 22 79 1
2297 21 80 1
2297 20 81 1
2297 19 82 1
3592 19 82 1
3592 20 81 1
3592 21 80 1
3592 22 79 1
3592 23 78 1
3592 24 77 1
3592 25 76 1
3592 26 75 1
3592 27 74 1
3592 28 73 1
3592 29 72 1
3592 30 71 1
3592 31 70 1
3592 32 69 1
3592 33 68 1
3592 34 67 1
3592 35 66 1
3592 36 65 1
3592 37 64 1
3592 38 63 1
3592 39 62 1
3592 40 61 1
3592 41 60 1
3592 42 59 1
3592 43 58 1
3592 44 57 1
3592 45 56 1
3592 46 55 1
3592 47 54 1
3592 48 53 1
3592 49 52 1
3592 50 51 1
3592 51 50 1
3592 52 49 1
3592 53 48 1
3592 54 47 1
3592 55 46 1
3592 56 45 1
3592 57 44 1
3592 58 43 1
3592 59 42 1
3592 60 41 1
3592 61 40 1
3592 62 39 1
3592 63 38 1
3592 64 37 1
3592 65 36 1
3592 66 35 1
3592 67 34 1
3592 68 33 1
3592 69 32 1
3592 70 31 1
3592 71 30 1
3592 72 29 1
3592 73 28 1
3592 74 27 1
3592 75 26 1
3592 76 25 1
3592 77 24 1
3592 78 23 1
3592 79 22 1
3592 80 21 1
3592 81 20 1
2827 81 20 1
2827 80 19 1
2827 79 18 1
2827 78 17 1
2827 77 16 1
2827 76 15 1
2827 75 14 1
2827 74 13 1
2827 73 12 1
2827 72 11 1
2827 71 10 1
2827 70 9 1
2827 69 8 1
2827 68 7 1
2827 67 6 1
2827 66 5 1
2827 65 4 1
2827 64 4 1
2827 63 5 1
2827 62 6 1
2827 61 7 1
2827 60 8 1
2827 59 9 1
2827 58 10 1
2827 57 11 1
2827 56 12 1
2827 55 13 1
2827 54 14 1
2827 53 15 1
2827 52 16 1
2827 51 17 1
2827 50 18 1
2827 49 19 1
2827 48 20 1
2827 47 21 1
2827 46 22 1
2827 45 23 1
2827 44 24 1
2827 43 25 1
2827 42 26 1
2827 41 27 1
2827 40 28 1
2827 39 29 1
2827 38 30 1
1930 38 30 1
1930 37 29 1
1930 36 28 1
1930 35 27 1
1930 34 26 1
1930 33 25 1
1930 32 25 1
1930 31 26 1
1930 30 27 1
3482 30 27 1
3482 31 28 1
3482 32 29 1
3482 33 30 1
3482 34 31 1
3482 35 32 1
3482 36 33 1
3482 37 34 1
3482 38 35 1
3482 39 36 1
3482 40 37 1
3482 41 38 1
3482 42 39 1
3482 43 40 1
3482 44 41 1
3482 45 42 1
3482 46 43 1
3482 47 44 1
3482 48 45 1
3482 49 46 1
3482 50 47 1
3482 51 48 1
3482 52 49 1
3482 53 50 1
3482 54 51 1
3482 55 52 1
3482 56 53 1
3482 57 54 1
3482 58 55 1
3482 59 56 1
3482 60 57 1
3482 61 58 1
3482 62 59 1
3482 63 60 1
3482 64 61 1
3482 65 62 1
3482 66 63 1
3482 67 63 1
3482 68 62 1
3482 69 61 1
3482 70 60 1
3482 71 59 1
3482 72 58 1
3482 73 57 1
3482 74 56 1
3482 75 55 1
3482 76 54 1
3482 77 53 1
3482 78 52 1
3482 79 51 1
3482 80 50 1
3482 81 49 1
3482 82 48 1
3482 83 47 1
3482 84 46 1
3482 85 45 1
3482 86 44 1
3482 87 43 1
3482 88 42 1